CLAIMS:                       [0,   1,   0,   0,   0,   0,   0,   0,   0,   0]
CONVOY                        [0,   0,   0,   0,   0,   1,   0,   0,   0,   0]
FORBIDDEN                     [1,   0,   0,   0,   0,   0,   0,   0,   0,   0]
RADIO                         [0,   0,   0,   0,   0,   0,   0,   1,   0,   0]
FIXING                        [0,   0,   0,   0,   0,   0,   0,   0,   1,   0]
REST                          [1,   0,   0,   0,   0,   0,   0,   0,   0,   0]
SURE                          [0,   0,   0,   0,   0,   0,   1,   0,   0,   0]
COMING                        [1,   0,   0,   0,   0,   0,   0,   0,   0,   0]
REPLAYABILITY                 [0,   0,   0,   0,   0,   0,   0,   0,   1,   0]
EXPECT                        [0,   0,   0,   0,   0,   0,   0,   0,   0,   1]
MAJOR                         [2,   0,   0,   0,   0,   0,   0,   0,   0,   0]
PRECEDENT                     [0,   1,   0,   0,   0,   0,   0,   0,   0,   0]
SHOOTING                      [0,   0,   0,   0,   0,   1,   0,   0,   0,   0]
DO                            [1,   2,   2,   0,   0,   0,   0,   0,   0,   0]
PARTICIPATE                   [1,   0,   0,   0,   0,   0,   0,   0,   0,   0]
LOOK                          [0,   0,   0,   0,   0,   0,   0,   0,   0,   1]
THEIR                         [0,   3,   1,   0,   0,   0,   0,   0,   0,   0]
DE                            [1,   0,   0,   0,   0,   0,   0,   0,   0,   0]
REFINING                      [0,   0,   0,   0,   0,   0,   0,   0,   1,   0]
EXISTING                      [0,   0,   0,   0,   0,   0,   0,   1,   0,   0]
USED                          [0,   3,   1,   0,   0,   0,   0,   0,   0,   0]
DJ                            [0,   0,   0,   0,   0,   0,   0,   1,   0,   0]
LOOT                          [0,   0,   0,   3,   0,   0,   0,   0,   0,   0]
FUTURE                        [0,   0,   0,   0,   0,   0,   0,   0,   1,   0]
FINAL                         [1,   1,   1,   0,   0,   0,   0,   0,   0,   0]
WEBPAGE                       [0,   0,   0,   0,   0,   0,   0,   1,   0,   0]
FIGURES--AND                  [0,   1,   0,   0,   0,   0,   0,   0,   0,   0]
ARE                           [2,   2,   1,   2,   1,   3,   0,   0,   0,   0]
&                             [0,   1,   0,   0,   0,   0,   0,   0,   0,   0]
FIGHT                         [2,   0,   0,   0,   0,   0,   0,   0,   0,   0]
ATTORNEY                      [0,   1,   0,   0,   0,   0,   0,   0,   0,   0]
CONVICTED                     [0,   1,   0,   0,   0,   0,   0,   0,   0,   0]
STUDIO                        [0,   0,   0,   0,   0,   0,   1,   0,   0,   0]
OFF                           [2,   0,   0,   0,   0,   0,   0,   0,   0,   0]
POTENTIAL                     [0,   0,   0,   0,   0,   0,   0,   0,   3,   0]
DOWNLOADABLE                  [0,   0,   1,   0,   0,   0,   0,   0,   0,   0]
RETURN                        [0,   0,   0,   0,   1,   0,   0,   0,   0,   0]
GOES                          [0,   0,   0,   0,   0,   0,   0,   1,   1,   1]
HIMSELF                       [1,   0,   0,   0,   0,   0,   0,   0,   0,   0]
HUNTS                         [1,   0,   0,   0,   0,   0,   0,   0,   0,   0]
PROBABLY                      [0,   0,   0,   0,   0,   0,   0,   0,   1,   0]
GET                           [2,   1,   0,   0,   0,   0,   0,   0,   0,   0]
GEN                           [0,   0,   0,   0,   0,   0,   0,   1,   0,   0]
JUN                           [5,   0,   0,   0,   0,   0,   0,   0,   0,   0]
DIFFICULT                     [0,   0,   0,   0,   0,   0,   0,   0,   1,   0]
SHOW                          [0,   0,   0,   0,   0,   0,   0,   0,   0,   1]
LIGHTS                        [0,   0,   0,   0,   0,   0,   0,   1,   0,   0]
FREEDOM                       [0,   1,   1,   0,   0,   0,   0,   0,   0,   0]
YOU                           [4,   3,   5,   3,   1,   1,   1,   1,   1,   1]
MUJAHEDIN                     [0,   0,   0,   0,   0,   1,   0,   0,   0,   0]
GAMING                        [0,   0,   0,   1,   0,   0,   0,   0,   0,   0]
FOCUSES                       [0,   0,   0,   0,   1,   0,   0,   0,   0,   0]
F                             [0,   1,   0,   0,   0,   0,   0,   0,   0,   0]
FLAWS                         [0,   0,   0,   0,   0,   0,   0,   0,   6,   0]
INSPIRED                      [1,   1,   0,   0,   0,   0,   0,   0,   0,   0]
CRYING                        [0,   0,   0,   0,   0,   0,   1,   0,   0,   0]
SURROUNDING                   [1,   0,   0,   0,   0,   0,   0,   0,   0,   0]
A                             [9,   11,  6,   7,   1,   2,   4,   11,  9,   3]
ABSOLUTELY                    [0,   0,   0,   0,   0,   0,   0,   0,   1,   0]
COURAGEOUS                    [0,   0,   0,   0,   0,   0,   1,   0,   0,   0]
M                             [0,   1,   0,   0,   0,   0,   0,   0,   0,   0]
VIDEO                         [0,   0,   0,   1,   1,   5,   1,   3,   0,   0]
DAMAGE                        [0,   0,   0,   0,   0,   0,   0,   1,   0,   0]
TOWARDS                       [0,   0,   0,   0,   0,   0,   1,   0,   0,   0]
INCLUSION                     [0,   1,   0,   0,   0,   0,   0,   0,   0,   0]
I                             [0,   1,   1,   0,   0,   0,   0,   0,   0,   0]
ENGAGING                      [0,   0,   1,   0,   0,   0,   0,   0,   0,   0]
RULING                        [0,   1,   0,   0,   0,   0,   0,   0,   0,   0]
EZIO                          [1,   0,   0,   0,   0,   0,   0,   0,   0,   0]
MULTIPLAYER                   [0,   0,   0,   0,   0,   0,   0,   0,   0,   1]
T                             [0,   0,   0,   1,   3,   4,   0,   0,   0,   0]
KNOWN                         [0,   0,   0,   0,   0,   0,   1,   0,   0,   0]
BUT                           [2,   1,   1,   1,   1,   1,   1,   2,   2,   0]
V                             [0,   0,   0,   0,   0,   1,   2,   0,   0,   0]
ART                           [1,   1,   0,   0,   0,   0,   0,   0,   0,   0]
P                             [0,   0,   0,   0,   0,   0,   3,   0,   0,   0]
CONTENT                       [3,   1,   1,   0,   0,   0,   0,   0,   0,   0]
S                             [21,  13,  1,   2,   3,   2,   4,   1,   10,  3]
DEMANDING                     [0,   1,   0,   0,   0,   0,   0,   0,   0,   0]
FILE                          [0,   2,   0,   0,   0,   0,   0,   0,   0,   0]
ACCORDING                     [0,   1,   1,   1,   0,   0,   0,   0,   0,   0]
UNFINISHED--BEFORE            [0,   0,   0,   0,   0,   0,   0,   1,   0,   0]
AS:                           [0,   0,   0,   0,   0,   0,   0,   1,   0,   0]
SECRETIVE                     [1,   0,   0,   0,   0,   0,   0,   0,   0,   0]
FAIR                          [0,   0,   0,   0,   0,   0,   0,   0,   1,   0]
GROUP                         [0,   0,   0,   2,   2,   0,   0,   0,   0,   0]
HE                            [0,   5,   1,   1,   3,   1,   0,   0,   0,   0]
MAKING                        [0,   0,   0,   0,   1,   0,   0,   0,   0,   0]
AREA                          [0,   0,   0,   1,   0,   0,   0,   0,   0,   0]
MEANT                         [0,   0,   0,   0,   0,   2,   1,   0,   0,   0]
MEANS                         [0,   0,   0,   0,   1,   0,   0,   0,   0,   0]
DRESSED                       [0,   0,   0,   0,   0,   1,   0,   0,   0,   0]
USES                          [0,   0,   0,   0,   0,   1,   0,   0,   0,   0]
OMEGA                         [0,   0,   0,   0,   5,   0,   0,   0,   0,   0]
DECOY                         [0,   0,   0,   0,   0,   0,   2,   0,   0,   0]
EASTER                        [0,   0,   0,   0,   0,   0,   0,   2,   0,   0]
COMPLAINT                     [0,   1,   0,   0,   0,   0,   0,   0,   0,   0]
CAPTURES                      [0,   0,   0,   0,   0,   0,   0,   0,   0,   1]
USER                          [0,   0,   0,   0,   0,   0,   0,   1,   0,   0]
ODD                           [0,   0,   0,   0,   0,   1,   0,   0,   0,   0]
REDDIT                        [0,   0,   0,   0,   0,   0,   0,   1,   0,   0]
PERSON                        [0,   0,   0,   0,   0,   0,   0,   2,   0,   0]
GO                            [0,   0,   0,   0,   0,   0,   0,   0,   1,   0]
OUSTED                        [0,   1,   0,   0,   0,   0,   0,   0,   0,   0]
WEAPON                        [0,   0,   0,   0,   0,   0,   1,   1,   0,   0]
ENGRAM                        [0,   0,   0,   1,   0,   0,   0,   0,   0,   0]
ARTICLE                       [0,   0,   0,   0,   0,   0,   0,   1,   0,   0]
DARKNESS                      [1,   0,   0,   0,   0,   0,   0,   0,   0,   0]
MURDER                        [1,   0,   0,   0,   0,   0,   0,   0,   0,   0]
COPIES                        [0,   0,   0,   0,   0,   0,   0,   0,   1,   0]
REPORT                        [0,   0,   0,   0,   0,   1,   0,   0,   0,   0]
TOGETHER                      [0,   0,   0,   0,   0,   0,   0,   1,   0,   0]
FORCE                         [0,   0,   0,   1,   0,   0,   0,   0,   0,   0]
PUBLISHER                     [0,   3,   1,   1,   0,   0,   0,   0,   0,   0]
FANS                          [1,   0,   0,   0,   0,   0,   0,   0,   0,   0]
COURT                         [0,   1,   0,   0,   0,   0,   0,   0,   0,   0]
ACOLYTES                      [0,   0,   0,   1,   0,   0,   0,   0,   0,   0]
WEAPONS                       [4,   3,   1,   0,   0,   0,   0,   0,   0,   0]
FIND                          [0,   0,   0,   1,   0,   0,   0,   0,   0,   0]
PARTS                         [0,   0,   0,   0,   0,   1,   1,   0,   0,   0]
CHRONICLES:                   [7,   0,   0,   0,   0,   0,   0,   0,   0,   0]
CLASSES                       [0,   0,   0,   0,   0,   0,   0,   0,   0,   1]
OUTFITS                       [2,   0,   0,   0,   0,   0,   0,   0,   0,   0]
PUBLISHED                     [0,   0,   0,   1,   0,   0,   0,   0,   0,   0]
SAVVY                         [0,   0,   0,   0,   0,   1,   0,   0,   0,   0]
ZERO                          [0,   1,   0,   0,   0,   0,   0,   0,   0,   0]
SYSTEMS                       [0,   0,   0,   0,   0,   0,   0,   0,   1,   1]
AT                            [0,   0,   0,   2,   2,   1,   1,   0,   0,   0]
SPEND                         [0,   0,   0,   0,   0,   0,   0,   1,   0,   0]
AS                            [6,   8,   1,   3,   1,   1,   5,   1,   2,   1]
ROCKSTAR                      [0,   0,   0,   0,   0,   0,   0,   9,   0,   0]
LYS                           [1,   0,   0,   0,   0,   0,   0,   0,   0,   0]
STATUTE                       [0,   1,   0,   0,   0,   0,   0,   0,   0,   0]
HEADLINES                     [0,   1,   0,   0,   0,   0,   0,   0,   0,   0]
FINER                         [0,   0,   0,   0,   0,   0,   0,   1,   0,   0]
GENERALLY                     [0,   0,   0,   0,   0,   0,   0,   0,   1,   0]
WAY                           [1,   3,   0,   0,   0,   0,   0,   0,   0,   0]
WAR                           [1,   0,   0,   0,   0,   0,   0,   0,   0,   0]
WAS                           [3,   2,   2,   1,   5,   1,   0,   0,   0,   0]
YOUTH                         [0,   0,   0,   0,   0,   2,   0,   0,   0,   0]
DROPS                         [0,   0,   0,   2,   0,   0,   0,   0,   0,   0]
MEANING                       [0,   0,   0,   0,   0,   0,   1,   0,   0,   0]
MILITARY                      [0,   1,   1,   0,   0,   0,   0,   0,   0,   0]
PROTECT                       [0,   1,   0,   0,   0,   0,   0,   0,   0,   0]
PRETTY                        [0,   0,   0,   0,   0,   0,   0,   0,   1,   2]
MODE                          [0,   0,   0,   0,   5,   1,   4,   3,   0,   0]
RADICAL                       [0,   0,   0,   0,   0,   0,   0,   0,   1,   0]
RETURNS                       [1,   0,   0,   0,   0,   0,   0,   0,   0,   0]
WORLDS                        [0,   0,   0,   0,   0,   0,   0,   0,   1,   0]
CLEARLY                       [0,   0,   0,   0,   0,   0,   0,   0,   1,   0]
LIKE                          [2,   4,   1,   2,   3,   1,   0,   0,   0,   0]
AN                            [2,   1,   1,   2,   3,   2,   0,   0,   0,   0]
SAYING                        [0,   0,   0,   0,   0,   0,   0,   0,   1,   0]
BOLSTER                       [0,   0,   0,   0,   0,   0,   0,   1,   0,   0]
FINDS                         [1,   0,   0,   0,   0,   0,   0,   0,   0,   0]
BY                            [5,   2,   1,   3,   2,   2,   1,   2,   1,   2]
CASTLEVANIA:                  [1,   0,   0,   0,   0,   0,   0,   0,   0,   0]
WOULD                         [0,   3,   0,   0,   0,   0,   0,   0,   0,   0]
PRE-PURCHASE                  [0,   0,   0,   0,   0,   0,   0,   0,   0,   1]
POLITICAL                     [0,   1,   0,   0,   0,   0,   0,   0,   0,   0]
ASSASSIN                      [18,  3,   0,   0,   0,   0,   0,   0,   0,   0]
BRUSH                         [1,   0,   0,   0,   0,   0,   0,   0,   0,   0]
ITEMS                         [1,   0,   0,   0,   0,   0,   0,   0,   0,   0]
RIGHT                         [1,   2,   1,   0,   0,   0,   0,   0,   0,   0]
EMANUEL                       [0,   0,   0,   0,   1,   1,   1,   0,   0,   0]
DEVICES                       [0,   0,   0,   0,   0,   1,   0,   0,   0,   0]
EXEC                          [0,   0,   0,   0,   0,   0,   0,   0,   1,   0]
LIKENESS                      [0,   3,   0,   0,   0,   0,   0,   0,   0,   0]
BE                            [2,   3,   1,   5,   5,   3,   0,   0,   0,   0]
TWO                           [0,   0,   0,   1,   0,   0,   0,   0,   0,   0]
SHOOTER                       [0,   0,   0,   0,   0,   0,   0,   0,   0,   1]
JANUARY                       [0,   0,   0,   0,   0,   0,   0,   1,   0,   0]
ARRIVING                      [0,   0,   1,   0,   0,   0,   0,   0,   0,   0]
REPEATEDLY                    [0,   0,   0,   0,   0,   1,   0,   0,   0,   0]
DENSER                        [0,   0,   0,   0,   0,   0,   0,   1,   1,   0]
CLASSIC                       [0,   0,   0,   0,   0,   0,   0,   0,   0,   1]
MOVEMENT                      [0,   0,   0,   0,   0,   0,   0,   0,   0,   1]
PRE-ORDER                     [0,   0,   0,   0,   0,   0,   0,   1,   0,   0]
PUNITIVE                      [0,   1,   0,   0,   0,   0,   0,   0,   0,   0]
TOUR                          [0,   0,   0,   0,   1,   0,   0,   0,   0,   0]
LEARNED                       [0,   0,   0,   0,   0,   0,   1,   0,   0,   0]
ENDLESS                       [0,   0,   0,   1,   0,   0,   0,   0,   0,   0]
EXPERIENCE                    [1,   1,   0,   0,   0,   0,   0,   0,   0,   0]
POST                          [0,   0,   0,   0,   0,   0,   0,   1,   0,   0]
EVER                          [1,   0,   0,   0,   0,   0,   0,   0,   0,   0]
ENCOUNTERS                    [0,   0,   1,   0,   0,   0,   0,   0,   0,   0]
AXE                           [1,   0,   0,   0,   0,   0,   0,   0,   0,   0]
SESSIONS)                     [0,   0,   0,   0,   0,   0,   0,   0,   0,   1]
WEALTH                        [0,   0,   0,   0,   0,   0,   0,   2,   0,   0]
EFFORT                        [0,   1,   0,   0,   0,   0,   0,   0,   0,   0]
EVEN                          [0,   0,   0,   1,   1,   1,   0,   0,   0,   0]
CHARACTER-DRIVEN              [0,   0,   0,   0,   0,   0,   0,   0,   1,   0]
LONG                          [0,   0,   0,   0,   0,   0,   0,   0,   0,   1]
SUCCEED                       [0,   0,   0,   0,   0,   0,   0,   0,   1,   0]
(BOTH                         [0,   0,   0,   0,   0,   0,   0,   0,   0,   1]
TOSSED                        [0,   1,   0,   0,   0,   0,   0,   0,   0,   0]
WANT                          [0,   0,   0,   0,   0,   0,   0,   0,   3,   0]
SEPTEMBER                     [1,   1,   2,   1,   1,   1,   1,   1,   1,   1]
JIAN                          [1,   0,   0,   0,   0,   0,   0,   0,   0,   0]
GIVES                         [0,   0,   0,   0,   1,   0,   0,   0,   0,   0]
LL                            [4,   0,   0,   0,   0,   0,   0,   0,   0,   0]
AIMS                          [0,   1,   0,   0,   0,   0,   0,   0,   0,   0]
DESTINY                       [0,   0,   0,   2,   0,   0,   0,   0,   0,   0]
DOGS                          [0,   0,   0,   0,   0,   0,   0,   0,   12,  0]
CLIFF-EDGE                    [0,   0,   0,   0,   0,   0,   1,   0,   0,   0]
CAUSE                         [0,   0,   0,   0,   0,   1,   0,   0,   0,   0]
BLIZZARD                      [0,   2,   0,   0,   0,   0,   0,   0,   0,   0]
COUNT                         [0,   0,   0,   0,   0,   0,   0,   1,   0,   0]
LAUNCHES                      [1,   0,   0,   0,   0,   0,   0,   0,   0,   0]
INTERIOR                      [0,   0,   0,   0,   0,   0,   0,   1,   0,   0]
LITTLE                        [0,   0,   0,   0,   0,   0,   1,   0,   0,   0]
LAWSUIT                       [0,   6,   0,   0,   0,   0,   0,   0,   0,   0]
YET                           [1,   1,   1,   0,   0,   0,   0,   0,   0,   0]
EMPIRE                        [0,   1,   0,   0,   0,   0,   0,   0,   0,   0]
PASS                          [8,   2,   0,   0,   0,   0,   0,   0,   0,   0]
COMMAND                       [0,   0,   0,   0,   1,   0,   0,   0,   0,   0]
ACTIONS                       [0,   0,   0,   0,   0,   1,   0,   0,   0,   0]
HISTORY                       [0,   0,   0,   0,   0,   0,   1,   0,   0,   0]
CHARGES                       [0,   1,   0,   0,   0,   0,   0,   0,   0,   0]
POPULARITY                    [0,   1,   0,   0,   0,   0,   0,   0,   0,   0]
SUCCESS                       [0,   0,   0,   0,   0,   0,   0,   0,   1,   0]
VENGEANCE                     [1,   0,   0,   0,   0,   0,   0,   0,   0,   0]
AFFECTED                      [0,   1,   0,   0,   0,   0,   0,   0,   0,   0]
CROWN                         [0,   0,   4,   1,   0,   0,   0,   0,   0,   0]
TACHOMETERS                   [0,   0,   0,   0,   0,   0,   0,   1,   0,   0]
STRIKE                        [0,   0,   0,   0,   0,   1,   0,   0,   0,   0]
ARSENAL                       [0,   0,   0,   0,   0,   0,   0,   1,   0,   0]
STILL                         [0,   0,   0,   0,   0,   0,   0,   1,   1,   0]
PORTRAYED                     [0,   1,   0,   0,   0,   0,   0,   0,   0,   0]
RECRUITMENT                   [0,   0,   0,   0,   0,   1,   1,   0,   0,   0]
STRATEGY                      [0,   0,   0,   1,   0,   0,   0,   0,   0,   0]
PRACTICES                     [0,   1,   0,   0,   0,   0,   0,   0,   0,   0]
PULLED                        [0,   0,   0,   0,   0,   0,   0,   1,   0,   0]
AMMO                          [0,   0,   0,   1,   0,   0,   0,   0,   0,   0]
SANTOS                        [0,   0,   0,   0,   0,   0,   0,   1,   0,   0]
ARRAY                         [0,   0,   0,   0,   0,   0,   0,   1,   0,   0]
EPIC                          [0,   0,   0,   0,   0,   0,   0,   1,   0,   0]
VEHICULAR                     [0,   0,   0,   0,   0,   0,   0,   0,   0,   1]
BANDAI                        [0,   0,   1,   0,   0,   0,   0,   0,   0,   0]
ITERATION                     [0,   0,   0,   0,   0,   0,   0,   0,   1,   0]
TURNS                         [0,   0,   0,   0,   0,   0,   1,   0,   0,   0]
DEFEND                        [0,   2,   0,   0,   0,   0,   0,   0,   0,   0]
COSMODROME                    [0,   0,   0,   1,   0,   0,   0,   0,   0,   0]
OBVIOUSLY                     [0,   0,   0,   0,   0,   0,   0,   0,   1,   0]
ARNO                          [3,   0,   0,   0,   0,   0,   0,   0,   0,   0]
WEB                           [0,   0,   0,   0,   0,   0,   0,   3,   0,   0]
DRIVES                        [0,   0,   0,   0,   0,   1,   0,   0,   0,   0]
NO                            [0,   2,   1,   0,   0,   0,   0,   0,   0,   0]
EVERY                         [0,   0,   0,   1,   0,   0,   0,   0,   0,   0]
ON                            [4,   6,   4,   2,   1,   5,   1,   3,   9,   2]
COMPROMISES                   [0,   0,   0,   0,   0,   0,   0,   0,   1,   0]
BENEFIT                       [0,   0,   0,   0,   0,   0,   0,   1,   0,   0]
THRALLS                       [0,   0,   0,   1,   0,   0,   0,   0,   0,   0]
OF                            [11,  25,  7,   3,   2,   6,   6,   17,  7,   10]
EX-PANAMANIAN                 [0,   1,   0,   0,   0,   0,   0,   0,   0,   0]
DISCOVER                      [0,   0,   0,   1,   1,   0,   0,   0,   0,   0]
ISSUES                        [0,   1,   1,   0,   0,   0,   0,   0,   0,   0]
AGAINST                       [1,   1,   0,   0,   0,   0,   0,   0,   0,   0]
COULD                         [0,   0,   0,   0,   0,   0,   1,   2,   2,   0]
RANKED                        [0,   0,   0,   0,   1,   0,   0,   0,   0,   0]
ABLE                          [0,   0,   0,   0,   1,   0,   0,   0,   0,   0]
CLARIFICATION                 [0,   0,   0,   0,   0,   0,   0,   1,   0,   0]
DEFENSE                       [0,   1,   0,   0,   0,   0,   0,   0,   0,   0]
DELAYED                       [0,   0,   1,   1,   0,   0,   0,   0,   0,   0]
WINS                          [0,   1,   0,   0,   0,   0,   0,   0,   0,   0]
MET                           [1,   0,   0,   0,   0,   0,   0,   0,   0,   0]
HIGH                          [0,   0,   0,   0,   0,   0,   0,   0,   1,   0]
NICELY                        [0,   0,   0,   0,   0,   0,   0,   0,   0,   1]
CALLED                        [1,   1,   0,   0,   0,   0,   0,   0,   0,   0]
PAINTINGS                     [1,   0,   0,   0,   0,   0,   0,   0,   0,   0]
OR                            [0,   1,   1,   1,   1,   0,   0,   0,   0,   0]
RAID                          [0,   0,   0,   0,   1,   0,   0,   0,   0,   0]
RECENTLY                      [1,   2,   0,   0,   0,   0,   0,   0,   0,   0]
STAND                         [0,   0,   0,   1,   0,   0,   0,   0,   0,   0]
TOXIKK                        [0,   0,   0,   0,   0,   0,   0,   0,   0,   3]
COLLECT                       [0,   1,   0,   0,   0,   0,   0,   0,   0,   0]
ADDED                         [0,   1,   1,   1,   0,   0,   0,   0,   0,   0]
PC                            [2,   1,   1,   6,   1,   0,   0,   0,   0,   0]
BOOKS                         [0,   1,   0,   0,   0,   0,   0,   0,   0,   0]
FORMULA                       [0,   0,   0,   0,   0,   0,   0,   0,   1,   0]
YEAR                          [0,   0,   0,   0,   0,   0,   0,   0,   0,   1]
TEXTURE                       [0,   0,   0,   0,   0,   0,   0,   1,   0,   0]
BRING                         [0,   0,   0,   0,   0,   0,   1,   1,   0,   0]
MAY                           [0,   0,   0,   0,   0,   0,   0,   0,   1,   0]
NEWS                          [0,   0,   0,   0,   0,   1,   0,   0,   0,   0]
WEATHER                       [0,   0,   0,   0,   0,   0,   0,   1,   0,   0]
CO-OP                         [1,   0,   0,   0,   0,   0,   0,   0,   0,   0]
TRILOGY                       [0,   0,   1,   0,   0,   0,   0,   0,   0,   0]
CHILLING                      [0,   1,   0,   0,   0,   0,   0,   0,   0,   0]
VERSIONS                      [0,   0,   0,   0,   0,   0,   0,   3,   0,   0]
CAN                           [3,   1,   1,   5,   2,   0,   0,   0,   0,   0]
IF                            [1,   2,   1,   1,   1,   1,   0,   0,   0,   0]
II                            [0,   6,   1,   0,   0,   0,   0,   0,   0,   0]
HINTS                         [0,   0,   0,   0,   0,   0,   0,   1,   0,   0]
ADORABLE                      [0,   0,   0,   0,   0,   0,   1,   0,   0,   0]
TAKEN                         [0,   0,   0,   0,   0,   0,   0,   1,   0,   0]
HILLS                         [0,   0,   0,   0,   0,   0,   1,   0,   0,   0]
IN                            [12,  3,   12,  3,   1,   3,   4,   1,   5,   1]
IS                            [8,   9,   1,   3,   3,   3,   2,   1,   5,   6]
IT                            [1,   1,   5,   1,   6,   3,   2,   2,   2,   1]
RUDY                          [0,   3,   0,   0,   0,   0,   0,   0,   0,   0]
IV                            [0,   0,   0,   0,   2,   0,   0,   0,   0,   0]
TAKES                         [1,   0,   0,   0,   0,   0,   0,   0,   0,   0]
PLEASE                        [0,   0,   0,   1,   0,   0,   0,   0,   0,   0]
NEXT                          [1,   1,   0,   0,   0,   0,   0,   0,   0,   0]
INFLATABILITY                 [0,   0,   0,   0,   0,   0,   1,   0,   0,   0]
LOST                          [0,   1,   1,   0,   0,   0,   0,   0,   0,   0]
NORMAL                        [0,   0,   0,   0,   1,   0,   0,   0,   0,   0]
CENTURY                       [1,   0,   0,   0,   0,   0,   0,   0,   0,   0]
WITH                          [1,   1,   1,   2,   1,   3,   5,   2,   0,   0]
SPOT                          [0,   0,   0,   1,   0,   0,   0,   0,   0,   0]
WHICH                         [4,   1,   2,   3,   2,   0,   0,   0,   0,   0]
LIFE                          [0,   0,   0,   0,   0,   0,   0,   1,   0,   0]
NORIEGA                       [0,   14,  0,   0,   0,   0,   0,   0,   0,   0]
PLUNDERED                     [0,   0,   0,   1,   0,   0,   0,   0,   0,   0]
DESERTS                       [0,   0,   0,   0,   0,   0,   0,   1,   0,   0]
SPECULATED                    [0,   0,   0,   0,   0,   0,   0,   1,   0,   0]
CHANGES                       [0,   0,   0,   0,   1,   0,   0,   0,   0,   0]
HEINOUS                       [0,   1,   0,   0,   0,   0,   0,   0,   0,   0]
LISTED                        [0,   0,   0,   0,   0,   0,   0,   2,   0,   0]
RAFT                          [0,   0,   0,   0,   0,   0,   0,   1,   0,   0]
DOES                          [0,   1,   0,   0,   0,   0,   0,   0,   0,   0]
DEFAULT                       [0,   0,   0,   0,   1,   0,   0,   0,   0,   0]
DIDN                          [0,   0,   0,   0,   0,   0,   0,   0,   2,   0]
ISLAMIC                       [0,   0,   0,   0,   0,   1,   0,   0,   0,   0]
NETWORK                       [1,   1,   0,   0,   0,   0,   0,   0,   0,   0]
IMPONDERABLE                  [0,   0,   0,   0,   0,   0,   1,   0,   0,   0]
WHY                           [0,   0,   0,   0,   0,   0,   0,   0,   1,   0]
VEHICLES                      [0,   0,   0,   0,   0,   1,   4,   0,   0,   0]
GAVE                          [0,   0,   0,   0,   0,   0,   0,   0,   0,   1]
ESTABLISHING                  [0,   0,   0,   0,   0,   0,   0,   0,   2,   0]
CLARIFY                       [0,   0,   0,   0,   0,   0,   0,   0,   0,   1]
WHO                           [1,   4,   2,   1,   1,   0,   0,   0,   0,   0]
THEFT                         [0,   0,   0,   0,   0,   1,   5,   0,   0,   0]
THROUGH                       [1,   1,   0,   0,   0,   0,   0,   0,   0,   0]
GAMESPOT                      [1,   1,   1,   1,   0,   0,   0,   0,   0,   0]
USEFUL--IT                    [0,   0,   0,   0,   0,   0,   0,   0,   1,   0]
SUPPOSEDLY                    [0,   0,   0,   0,   0,   1,   0,   0,   0,   0]
HANDOUTS                      [0,   1,   0,   0,   0,   0,   0,   0,   0,   0]
ADD-ON                        [0,   0,   1,   0,   0,   0,   0,   0,   0,   0]
BRAND                         [0,   0,   0,   0,   0,   0,   0,   2,   2,   0]
INCLUDING                     [2,   1,   1,   0,   0,   0,   0,   0,   0,   0]
LEAVES                        [1,   0,   0,   0,   0,   0,   0,   0,   0,   0]
SUCCESSOR                     [0,   0,   1,   0,   0,   0,   0,   0,   0,   0]
COMBINED                      [0,   0,   0,   0,   0,   0,   0,   0,   1,   0]
PREORDERING                   [1,   0,   0,   0,   0,   0,   0,   0,   0,   0]
SCORES                        [0,   0,   0,   0,   0,   0,   0,   1,   0,   0]
MONSTER                       [0,   0,   0,   0,   0,   0,   1,   0,   0,   0]
ONLINE                        [0,   0,   0,   0,   2,   5,   0,   0,   0,   0]
ALLEGED                       [0,   0,   0,   0,   0,   0,   0,   2,   0,   0]
VE                            [1,   1,   0,   0,   0,   0,   0,   0,   0,   0]
ROGUE                         [2,   0,   0,   0,   0,   0,   0,   0,   0,   0]
EVERYTHING                    [0,   0,   0,   0,   1,   1,   2,   0,   0,   0]
SOMETHING                     [0,   0,   0,   1,   1,   0,   0,   0,   0,   0]
BATTLEFIELDS                  [0,   0,   0,   0,   0,   1,   0,   0,   0,   0]
PRODUCING                     [0,   0,   0,   0,   0,   1,   0,   0,   0,   0]
HISTORICAL                    [0,   1,   0,   0,   0,   0,   0,   0,   0,   0]
CORPORATION                   [0,   1,   0,   0,   0,   0,   0,   0,   0,   0]
STANDING                      [0,   0,   0,   0,   0,   0,   1,   0,   0,   0]
US                            [0,   2,   1,   1,   0,   0,   0,   0,   0,   0]
THINGS                        [0,   0,   0,   0,   0,   0,   0,   0,   0,   1]
OWN                           [0,   2,   0,   0,   0,   0,   0,   0,   0,   0]
COMMENTS                      [0,   0,   0,   0,   0,   0,   0,   0,   1,   0]
ENHANCED                      [0,   0,   0,   0,   0,   0,   0,   1,   1,   0]
UP                            [1,   2,   1,   1,   0,   0,   0,   0,   0,   0]
UPGRADES                      [0,   0,   0,   0,   0,   0,   0,   1,   0,   0]
INCLUDE                       [2,   1,   2,   0,   0,   0,   0,   0,   0,   0]
ITSELF                        [1,   0,   0,   0,   0,   0,   0,   0,   0,   0]
DLC                           [8,   1,   0,   0,   0,   0,   0,   0,   0,   0]
MULTI-PLAYER                  [0,   0,   0,   0,   0,   0,   0,   0,   0,   1]
HERO                          [1,   0,   0,   0,   0,   0,   0,   0,   0,   0]
JEWELS                        [0,   0,   0,   0,   0,   0,   0,   0,   1,   0]
JOURNEY                       [1,   0,   0,   0,   0,   0,   0,   0,   0,   0]
OCEANS                        [0,   0,   0,   0,   0,   0,   0,   1,   0,   0]
PURPLE                        [0,   0,   0,   1,   0,   0,   0,   0,   0,   0]
MEANWHILE                     [0,   0,   0,   0,   0,   0,   0,   2,   0,   0]
TV                            [0,   2,   0,   0,   0,   0,   0,   0,   0,   0]
FRIVOLOUS                     [0,   1,   1,   0,   0,   0,   0,   0,   0,   0]
MOTION                        [0,   3,   0,   0,   0,   0,   0,   0,   0,   0]
DEVELOPED                     [1,   0,   0,   0,   0,   0,   0,   0,   0,   0]
ADDING                        [0,   0,   0,   0,   1,   0,   0,   0,   0,   0]
KEY                           [0,   0,   0,   0,   0,   0,   0,   0,   1,   0]
EQUIPMENT                     [1,   0,   0,   0,   0,   0,   0,   0,   0,   0]
PLAINTIFF                     [0,   1,   0,   0,   0,   0,   0,   0,   0,   0]
COMMITTED                     [0,   1,   0,   0,   0,   0,   0,   0,   0,   0]
EXPLORATORY                   [0,   0,   1,   0,   0,   0,   0,   0,   0,   0]
SLIGHTLY                      [0,   0,   0,   0,   0,   1,   0,   0,   0,   0]
CONSENT                       [0,   1,   0,   0,   0,   0,   0,   0,   0,   0]
IMPROVISED                    [0,   0,   0,   0,   0,   1,   0,   0,   0,   0]
BLACK                         [0,   6,   0,   0,   0,   0,   0,   0,   0,   0]
PLAYSTATION                   [2,   1,   2,   3,   0,   0,   0,   0,   0,   0]
UPCOMING                      [0,   0,   0,   0,   0,   0,   1,   0,   0,   0]
ADVERSELY                     [0,   1,   0,   0,   0,   0,   0,   0,   0,   0]
OFFERED                       [0,   0,   0,   1,   0,   0,   0,   0,   0,   0]
COVER                         [0,   0,   0,   0,   0,   0,   0,   0,   0,   1]
ABSURD                        [0,   1,   0,   0,   0,   0,   0,   0,   0,   0]
WHOLE                         [0,   0,   0,   0,   1,   0,   0,   0,   0,   0]
REAL                          [0,   0,   0,   0,   0,   1,   1,   0,   0,   0]
REGULAR                       [0,   0,   0,   0,   0,   1,   0,   0,   0,   0]
TYRANT                        [0,   2,   0,   0,   0,   0,   0,   0,   0,   0]
MORE                          [1,   1,   2,   1,   1,   4,   5,   0,   0,   0]
OUT                           [1,   1,   2,   2,   0,   0,   0,   0,   0,   0]
TRADITIONAL                   [1,   0,   0,   0,   0,   0,   0,   0,   0,   0]
ROAMING                       [0,   0,   0,   0,   0,   0,   0,   1,   0,   0]
FIRST-PERSON                  [0,   0,   0,   0,   0,   0,   0,   2,   1,   1]
SPOTTING                      [0,   0,   0,   0,   0,   0,   1,   0,   0,   0]
FURTHER                       [0,   0,   0,   0,   0,   0,   1,   0,   0,   0]
DEVELOPER                     [0,   0,   0,   0,   0,   0,   0,   0,   0,   1]
STYLE                         [1,   0,   0,   0,   0,   0,   0,   0,   0,   0]
BLADE                         [1,   0,   0,   0,   0,   0,   0,   0,   0,   0]
CALL                          [0,   9,   0,   0,   0,   0,   0,   0,   0,   0]
PURIST                        [0,   0,   0,   0,   0,   0,   0,   0,   0,   1]
REVENUE                       [0,   1,   0,   0,   0,   0,   0,   0,   0,   0]
WE                            [2,   2,   1,   5,   4,   2,   1,   0,   0,   0]
FUN                           [0,   0,   0,   0,   2,   0,   0,   0,   0,   0]
BLOG                          [0,   0,   0,   0,   1,   0,   0,   0,   0,   0]
PLAY                          [0,   0,   0,   0,   0,   0,   0,   0,   0,   1]
MILLION                       [0,   0,   0,   0,   0,   0,   0,   0,   1,   0]
ACTIVATED                     [0,   0,   0,   0,   0,   0,   1,   0,   0,   0]
SERVE                         [0,   1,   0,   0,   0,   0,   0,   0,   0,   0]
UNLOCK                        [1,   0,   0,   0,   0,   0,   0,   0,   0,   0]
HELP                          [0,   1,   0,   0,   0,   0,   0,   0,   0,   0]
GREAT                         [1,   0,   0,   0,   0,   0,   0,   0,   0,   0]
ARGUE                         [0,   1,   0,   0,   0,   0,   0,   0,   0,   0]
CHILDREN                      [0,   0,   0,   0,   0,   2,   0,   0,   0,   0]
THE                           [38,  5,   21,  5,   8,   2,   6,   12,  1,   14]
MAKES                         [0,   0,   0,   1,   1,   0,   0,   0,   0,   0]
TITLES                        [0,   0,   0,   0,   0,   0,   1,   0,   0,   0]
HIDEO                         [0,   0,   0,   0,   0,   0,   1,   0,   0,   0]
SUPERIOR                      [0,   1,   0,   0,   0,   0,   0,   0,   0,   0]
ARENA                         [0,   0,   0,   0,   0,   0,   0,   0,   0,   2]
NAMCO                         [0,   0,   1,   0,   0,   0,   0,   0,   0,   0]
LOCATIONS                     [1,   0,   0,   0,   0,   0,   0,   0,   0,   0]
RANDOM                        [0,   0,   0,   0,   0,   0,   0,   2,   1,   0]
MASTER                        [1,   1,   0,   0,   0,   0,   0,   0,   0,   0]
TGS                           [0,   0,   0,   0,   0,   0,   1,   0,   0,   0]
UPSET                         [0,   1,   0,   0,   0,   0,   0,   0,   0,   0]
THOSE                         [1,   1,   1,   1,   0,   0,   0,   0,   0,   0]
TOURNAMENT                    [0,   0,   0,   0,   0,   0,   0,   0,   0,   2]
CIRCUMSTANCES                 [0,   0,   0,   1,   0,   0,   0,   0,   0,   0]
TIME                          [0,   0,   0,   1,   3,   0,   0,   0,   0,   0]
KINGS                         [3,   0,   0,   0,   0,   0,   0,   0,   0,   0]
BEING                         [0,   1,   1,   1,   1,   0,   0,   0,   0,   0]
MISSIONS                      [5,   0,   0,   0,   0,   0,   0,   0,   0,   0]
BRACEWELL                     [0,   1,   0,   0,   0,   0,   0,   0,   0,   0]
SOUTHERN                      [0,   0,   0,   0,   0,   0,   0,   1,   0,   0]
ALONG                         [0,   0,   0,   0,   0,   0,   1,   0,   0,   0]
ARTS                          [1,   0,   0,   0,   0,   0,   0,   0,   0,   0]
EXCLUSIVELY                   [0,   0,   0,   0,   0,   0,   0,   0,   0,   1]
MOST                          [1,   1,   1,   0,   0,   0,   0,   0,   0,   0]
FIENDISH                      [0,   0,   0,   0,   0,   0,   1,   0,   0,   0]
CRIMINAL                      [0,   1,   0,   0,   0,   0,   0,   0,   0,   0]
PATCH                         [0,   0,   0,   0,   1,   0,   0,   0,   0,   0]
SURPRISE                      [0,   2,   1,   0,   0,   0,   0,   0,   0,   0]
ACTIVISION                    [0,   10,  0,   0,   0,   0,   0,   0,   0,   0]
TO                            [9,   18,  1,   6,   4,   10,  3,   12,  18,  2]
WILDLIFE                      [0,   0,   0,   0,   0,   0,   0,   1,   0,   0]
EFFECTS                       [0,   0,   0,   0,   0,   0,   0,   1,   0,   0]
XBOX                          [2,   1,   2,   6,   0,   0,   0,   0,   0,   0]
BEST                          [0,   0,   0,   1,   0,   0,   0,   0,   0,   0]
DEPICTIONS                    [0,   1,   0,   0,   0,   0,   0,   0,   0,   0]
TP                            [0,   0,   0,   0,   0,   0,   0,   0,   0,   1]
SUCCESSFUL                    [0,   1,   0,   0,   0,   0,   0,   0,   0,   0]
SEEMS                         [0,   0,   0,   0,   0,   1,   0,   0,   0,   0]
LAWSUIT:                      [0,   1,   0,   0,   0,   0,   0,   0,   0,   0]
DISMISSED                     [0,   1,   0,   0,   0,   0,   0,   0,   0,   0]
WELL                          [2,   1,   1,   1,   1,   0,   0,   0,   0,   0]
UNREAL                        [0,   0,   0,   0,   0,   0,   0,   0,   0,   2]
DISMISS                       [0,   3,   0,   0,   0,   0,   0,   0,   0,   0]
BETA                          [0,   0,   0,   0,   0,   0,   0,   0,   0,   1]
DID                           [0,   1,   2,   0,   0,   0,   0,   0,   0,   0]
DESCENDANTS--THE              [0,   1,   0,   0,   0,   0,   0,   0,   0,   0]
CHANGE                        [0,   0,   0,   0,   0,   0,   0,   0,   1,   1]
ENRICHMENT                    [0,   1,   0,   0,   0,   0,   0,   0,   0,   0]
OFFICIAL                      [0,   0,   0,   0,   1,   1,   1,   0,   0,   0]
WALL                          [1,   0,   0,   0,   0,   0,   0,   0,   0,   0]
QUITE                         [0,   1,   1,   1,   0,   0,   0,   0,   0,   0]
DAMAGES                       [0,   2,   0,   0,   0,   0,   0,   0,   0,   0]
CLOSE                         [0,   0,   0,   0,   0,   0,   0,   0,   1,   0]
STUDIOS                       [1,   0,   0,   0,   0,   0,   0,   0,   0,   0]
UNCOMMON                      [0,   0,   0,   1,   0,   0,   0,   0,   0,   0]
WHEN                          [0,   0,   0,   1,   2,   0,   0,   0,   0,   0]
SO                            [0,   0,   0,   1,   0,   0,   0,   0,   0,   0]
OCCASION                      [0,   0,   0,   1,   0,   0,   0,   0,   0,   0]
PROTAGONIST                   [1,   0,   0,   0,   0,   0,   0,   0,   0,   0]
BETWEEN                       [0,   0,   0,   0,   0,   0,   0,   0,   0,   1]
INTERESTED                    [0,   1,   0,   0,   0,   0,   0,   0,   0,   0]
STEAM                         [0,   0,   1,   1,   0,   0,   0,   0,   0,   0]
CHANGING                      [0,   0,   0,   0,   0,   0,   0,   0,   1,   0]
BIG                           [0,   0,   0,   0,   0,   0,   3,   0,   0,   0]
FIRST                         [1,   1,   2,   2,   1,   0,   0,   0,   0,   0]
COLORS                        [0,   1,   0,   0,   0,   0,   0,   0,   0,   0]
VIOLATION                     [0,   1,   0,   0,   0,   0,   0,   0,   0,   0]
AWAY                          [0,   0,   0,   0,   0,   0,   0,   0,   1,   0]
SILENT                        [0,   0,   0,   0,   0,   0,   1,   0,   0,   0]
FORMER                        [0,   3,   1,   0,   0,   0,   0,   0,   0,   0]
PARIS                         [1,   1,   0,   0,   0,   0,   0,   0,   0,   0]
WHILE                         [0,   0,   0,   0,   1,   1,   0,   0,   0,   0]
WHAT                          [0,   1,   1,   1,   0,   0,   0,   0,   0,   0]
TONY                          [0,   0,   0,   0,   0,   0,   0,   0,   1,   0]
SCREEN                        [0,   0,   0,   0,   0,   0,   0,   2,   0,   0]
BLOW-UP                       [0,   0,   0,   0,   0,   0,   1,   0,   0,   0]
CASH                          [0,   0,   0,   0,   0,   0,   0,   1,   0,   0]
CASE                          [0,   1,   0,   0,   0,   0,   0,   0,   0,   0]
ONE                           [1,   1,   1,   5,   2,   0,   0,   0,   0,   0]
LOGO                          [0,   0,   0,   0,   0,   1,   0,   0,   0,   0]
MEDIA                         [0,   0,   0,   0,   0,   2,   0,   0,   0,   0]
TOOK                          [0,   0,   0,   0,   0,   0,   0,   0,   2,   0]
SUGGESTS                      [0,   0,   0,   0,   0,   0,   0,   1,   0,   0]
BEEN                          [0,   1,   2,   1,   3,   0,   0,   0,   0,   0]
CERTAIN                       [0,   0,   0,   2,   0,   0,   0,   0,   0,   0]
TERRIFIC                      [0,   0,   1,   0,   0,   0,   0,   0,   0,   0]
DIRECTOR                      [1,   1,   0,   0,   0,   0,   0,   0,   0,   0]
LEAK                          [0,   0,   0,   0,   0,   0,   0,   2,   0,   0]
IMPROVES                      [0,   0,   0,   0,   1,   0,   0,   0,   0,   0]
FIRM                          [0,   1,   0,   0,   0,   0,   0,   0,   0,   0]
PLAYABLE                      [0,   0,   0,   0,   1,   1,   0,   0,   0,   0]
GEARS                         [1,   0,   0,   0,   0,   0,   0,   0,   0,   0]
HOPES                         [0,   2,   0,   0,   0,   0,   0,   0,   0,   0]
FIDEL                         [0,   1,   0,   0,   0,   0,   0,   0,   0,   0]
MONTREAL                      [0,   0,   0,   0,   0,   0,   0,   0,   1,   0]
DUTY:                         [0,   2,   0,   0,   0,   0,   0,   0,   0,   0]
LOOTING                       [0,   0,   0,   1,   0,   0,   0,   0,   0,   0]
SITUATION                     [0,   0,   0,   0,   0,   0,   0,   0,   1,   0]
NIGHTMARISH                   [0,   0,   0,   0,   0,   0,   1,   0,   0,   0]
ZANGIEF                       [0,   0,   0,   0,   1,   0,   0,   0,   0,   0]
SEASON                        [1,   1,   0,   0,   0,   0,   0,   0,   0,   0]
AUDITORE                      [1,   0,   0,   0,   0,   0,   0,   0,   0,   0]
WATCH                         [0,   0,   0,   0,   0,   0,   1,   12,  1,   0]
BROTHERHOOD                   [2,   0,   0,   0,   0,   0,   0,   0,   0,   0]
OLD                           [0,   0,   1,   1,   0,   0,   0,   0,   0,   0]
ADVENTURES                    [0,   0,   1,   0,   0,   0,   0,   0,   0,   0]
FEATURES:                     [0,   0,   0,   0,   0,   0,   0,   1,   0,   0]
DISTRESSING                   [0,   0,   0,   0,   0,   0,   1,   0,   0,   0]
PRIMARY                       [0,   1,   0,   0,   0,   0,   0,   0,   0,   0]
YOUR                          [0,   0,   0,   0,   1,   1,   1,   0,   0,   0]
CASTRO                        [0,   1,   0,   0,   0,   0,   0,   0,   0,   0]
DOWNED                        [0,   0,   0,   1,   0,   0,   0,   0,   0,   0]
THERE                         [0,   0,   0,   0,   1,   2,   0,   0,   0,   0]
ORIGINAL                      [0,   0,   0,   0,   0,   0,   0,   0,   2,   1]
COMMUNITY                     [0,   0,   0,   0,   1,   0,   0,   0,   0,   0]
UNTIL                         [0,   1,   0,   0,   0,   0,   0,   0,   0,   0]
UNDERGROUND                   [1,   0,   0,   0,   0,   0,   0,   0,   0,   0]
CONTACTED                     [0,   0,   0,   0,   0,   0,   0,   1,   0,   0]
NAMED                         [1,   0,   0,   0,   0,   0,   0,   0,   0,   0]
FACTION                       [1,   0,   0,   0,   0,   0,   0,   0,   0,   0]
EXPANSION                     [2,   0,   0,   0,   0,   0,   0,   0,   0,   0]
APPLIED                       [0,   0,   0,   0,   0,   0,   1,   0,   0,   0]
CROSSLEY                      [0,   0,   0,   1,   1,   1,   0,   0,   0,   0]
DEFINITELY                    [0,   0,   0,   0,   0,   0,   0,   0,   1,   0]
RESPONSE                      [0,   0,   1,   0,   0,   0,   0,   0,   0,   0]
FOLIAGE                       [0,   0,   0,   0,   0,   0,   0,   1,   0,   0]
CATCH                         [0,   0,   0,   0,   0,   0,   1,   0,   0,   0]
HUB                           [0,   0,   0,   1,   0,   0,   0,   0,   0,   0]
IRAQ                          [0,   0,   0,   0,   0,   1,   0,   0,   0,   0]
SWORD                         [1,   1,   0,   0,   0,   0,   0,   0,   0,   0]
THESE                         [1,   1,   0,   0,   0,   0,   0,   0,   0,   0]
SPEECH                        [0,   2,   0,   0,   0,   0,   0,   0,   0,   0]
PERMISSION                    [0,   1,   0,   0,   0,   0,   0,   0,   0,   0]
RAIDER                        [1,   0,   0,   0,   0,   0,   0,   0,   0,   0]
UBISOFT                       [4,   10,  0,   0,   0,   0,   0,   0,   0,   0]
[IT]                          [0,   0,   0,   0,   0,   0,   0,   0,   1,   0]
WERE                          [1,   2,   0,   0,   0,   0,   0,   0,   0,   0]
FOR                           [4,   1,   5,   3,   2,   1,   1,   1,   2,   1]
HOW                           [0,   0,   0,   1,   1,   2,   1,   0,   0,   0]
ADVENTURE                     [0,   0,   1,   0,   0,   0,   0,   0,   0,   0]
NORIEGA;                      [0,   1,   0,   0,   0,   0,   0,   0,   0,   0]
FOLLOWING                     [0,   0,   0,   0,   0,   0,   0,   1,   0,   0]
AND                           [12,  15,  2,   5,   1,   5,   7,   2,   21,  11]
BOAST                         [0,   0,   0,   0,   0,   0,   0,   1,   0,   0]
FILED                         [0,   1,   0,   0,   0,   0,   0,   0,   0,   0]
ABILITIES                     [0,   0,   0,   0,   1,   0,   0,   0,   0,   0]
BLOODCURDLING                 [0,   0,   0,   0,   0,   0,   1,   0,   0,   0]
ACTIVITIES                    [1,   1,   0,   0,   0,   0,   0,   0,   0,   0]
WEST                          [0,   0,   0,   0,   0,   2,   0,   0,   0,   0]
CHARACTERS                    [0,   0,   0,   0,   2,   1,   2,   1,   0,   0]
ADMITS                        [0,   0,   0,   0,   0,   0,   0,   0,   1,   0]
UNDER                         [0,   2,   0,   0,   0,   0,   0,   0,   0,   0]
GUIDE                         [1,   2,   0,   0,   0,   0,   0,   0,   0,   0]
CITIES                        [0,   0,   0,   0,   0,   0,   0,   1,   0,   0]
COPY                          [0,   0,   0,   0,   0,   0,   0,   0,   0,   1]
PLACING                       [0,   0,   0,   0,   0,   0,   1,   0,   0,   0]
ALL                           [1,   1,   1,   0,   0,   0,   0,   0,   0,   0]
THIRTY                        [0,   1,   0,   0,   0,   0,   0,   0,   0,   0]
HAVE                          [0,   2,   1,   2,   1,   1,   6,   0,   0,   0]
PROMOTE                       [0,   0,   0,   0,   0,   1,   0,   0,   0,   0]
DON                           [0,   0,   0,   1,   1,   0,   0,   0,   0,   0]
SAID                          [0,   1,   1,   1,   8,   1,   0,   0,   0,   0]
TOLD                          [2,   1,   0,   0,   0,   0,   0,   0,   0,   0]
OFFERING                      [1,   0,   0,   0,   0,   0,   0,   0,   0,   0]
ANIMATED                      [1,   0,   0,   0,   0,   0,   0,   0,   0,   0]
DIFFERENCE                    [0,   0,   0,   0,   0,   0,   0,   0,   0,   1]
SHAO                          [5,   0,   0,   0,   0,   0,   0,   0,   0,   0]
CAVE                          [0,   0,   0,   4,   1,   0,   0,   0,   0,   0]
DUTY                          [0,   7,   0,   0,   0,   0,   0,   0,   0,   0]
MYSTERIES                     [2,   0,   0,   0,   0,   0,   0,   0,   0,   0]
SHINY                         [0,   0,   0,   1,   0,   0,   0,   0,   0,   0]
PLAYERS                       [2,   1,   3,   1,   1,   1,   2,   0,   0,   0]
CAMEOS                        [0,   0,   0,   0,   0,   0,   1,   0,   0,   0]
OTHER                         [0,   1,   1,   1,   0,   0,   0,   0,   0,   0]
MARKETING                     [0,   0,   0,   0,   0,   0,   0,   0,   1,   0]
OPS                           [0,   6,   0,   0,   0,   0,   0,   0,   0,   0]
GAMES                         [1,   1,   1,   1,   1,   1,   0,   0,   0,   0]
SESSIONS                      [0,   0,   0,   0,   0,   0,   0,   0,   0,   1]
(BIGGER                       [0,   0,   0,   0,   0,   0,   0,   0,   0,   1]
SIMILAR                       [0,   1,   2,   1,   0,   0,   0,   0,   0,   0]
COME                          [0,   0,   0,   0,   0,   0,   0,   2,   0,   0]
METAL                         [0,   0,   0,   0,   0,   0,   2,   0,   0,   0]
PUBLICITY                     [0,   1,   0,   0,   0,   0,   0,   0,   0,   0]
ANY                           [0,   0,   0,   0,   0,   0,   0,   0,   1,   0]
(YES                          [0,   0,   0,   0,   0,   0,   1,   0,   0,   0]
ENEMIES                       [0,   0,   0,   2,   1,   0,   0,   0,   0,   0]
FEEL                          [0,   0,   0,   0,   2,   1,   0,   0,   0,   0]
ONE-EYED                      [0,   0,   0,   0,   0,   0,   1,   0,   0,   0]
STRONG                        [0,   0,   0,   0,   1,   0,   0,   0,   0,   0]
ALLOWING                      [0,   1,   1,   0,   0,   0,   0,   0,   0,   0]
IDEA                          [0,   0,   0,   0,   0,   0,   0,   0,   0,   1]
STANDOUT                      [0,   0,   1,   0,   0,   0,   0,   0,   0,   0]
FPS                           [0,   0,   0,   0,   0,   0,   0,   0,   0,   2]
NEED                          [1,   2,   1,   0,   0,   0,   0,   0,   0,   0]
TOO)                          [0,   0,   0,   0,   0,   0,   1,   0,   0,   0]
SPEEDOMETERS                  [0,   0,   0,   0,   0,   0,   0,   1,   0,   0]
RECREATES                     [0,   0,   0,   0,   0,   1,   0,   0,   0,   0]
TON                           [0,   0,   0,   1,   0,   0,   0,   0,   0,   0]
ASKED                         [1,   0,   0,   0,   0,   0,   0,   0,   0,   0]
EXTENSIVE                     [0,   0,   0,   0,   0,   0,   0,   1,   0,   0]
ADDITION                      [0,   2,   1,   0,   0,   0,   0,   0,   0,   0]
GEAR                          [2,   1,   2,   0,   0,   0,   0,   0,   0,   0]
DISCOVERED                    [0,   0,   0,   1,   0,   0,   0,   0,   0,   0]
SINCE                         [0,   0,   1,   1,   0,   0,   0,   0,   0,   0]
RESOLUTIONS                   [0,   0,   0,   0,   0,   0,   0,   1,   0,   0]
FAN                           [0,   0,   0,   0,   1,   0,   0,   0,   0,   0]
HOAXER                        [0,   0,   0,   0,   0,   0,   0,   1,   0,   0]
VALUABLE                      [0,   0,   0,   3,   0,   0,   0,   0,   0,   0]
OFTEN                         [0,   2,   1,   0,   0,   0,   0,   0,   0,   0]
REAL-WORLD                    [0,   2,   0,   0,   0,   0,   0,   0,   0,   0]
ROB                           [0,   0,   0,   1,   1,   1,   0,   0,   0,   0]
FOOT                          [1,   2,   0,   0,   0,   0,   0,   0,   0,   0]
LAWLESS                       [0,   2,   0,   0,   0,   0,   0,   0,   0,   0]
REPRESENTS                    [1,   0,   0,   0,   0,   0,   0,   0,   0,   0]
POINTED                       [0,   0,   0,   0,   1,   0,   0,   0,   0,   0]
CLEAR                         [0,   0,   0,   0,   0,   0,   0,   0,   1,   0]
INCLUDES                      [1,   1,   0,   0,   0,   0,   0,   0,   0,   0]
DISTANCE                      [0,   0,   0,   0,   0,   0,   1,   0,   0,   0]
HIM                           [0,   0,   0,   0,   0,   0,   1,   0,   0,   0]
BONUSES                       [1,   0,   0,   0,   0,   0,   0,   0,   0,   0]
REAKKTOR                      [0,   0,   0,   0,   0,   0,   0,   0,   0,   4]
MEMORIES                      [0,   0,   0,   0,   0,   0,   0,   0,   0,   1]
MATCHES                       [0,   0,   0,   0,   1,   0,   0,   0,   0,   0]
NARRATIVES                    [0,   1,   0,   0,   0,   0,   0,   0,   0,   0]
RELEASING                     [0,   0,   0,   0,   1,   0,   0,   0,   0,   0]
WORDS                         [0,   0,   0,   0,   0,   0,   1,   0,   0,   0]
OFFICIALLY                    [0,   0,   0,   0,   0,   0,   0,   1,   1,   0]
WORKED                        [0,   0,   0,   0,   0,   0,   0,   0,   1,   0]
DISTANCES                     [0,   0,   0,   0,   0,   0,   0,   1,   0,   0]
CUSTOMIZATIONS                [0,   0,   0,   0,   0,   0,   0,   1,   0,   0]
CATACOMBS                     [1,   0,   0,   0,   0,   0,   0,   0,   0,   0]
HIS                           [1,   5,   1,   0,   0,   0,   0,   0,   0,   0]
BONUS                         [0,   0,   0,   0,   0,   0,   0,   1,   0,   0]
ACCURATE                      [0,   0,   0,   0,   0,   0,   0,   1,   0,   0]
TODAY                         [1,   1,   1,   0,   0,   0,   0,   0,   0,   0]
TONALLY                       [1,   0,   0,   0,   0,   0,   0,   0,   0,   0]
SHADOW                        [1,   0,   0,   0,   0,   0,   0,   0,   0,   0]
NOVEMBER                      [1,   1,   1,   0,   0,   0,   0,   0,   0,   0]
YORK                          [0,   1,   0,   0,   0,   0,   0,   0,   0,   0]
REPORTS                       [0,   0,   0,   0,   0,   1,   0,   0,   0,   0]
CVG                           [0,   0,   0,   0,   0,   0,   0,   0,   1,   0]
SCHEDULED                     [1,   0,   0,   0,   0,   0,   0,   0,   0,   0]
UNFINISHED                    [0,   0,   0,   0,   0,   0,   0,   1,   0,   0]
ROBERT                        [0,   1,   0,   0,   0,   0,   0,   0,   0,   0]
INCLUDED                      [1,   0,   0,   0,   0,   0,   0,   0,   0,   0]
ULTRA                         [0,   0,   0,   0,   4,   0,   0,   0,   0,   0]
SPLENDOR                      [0,   0,   0,   1,   0,   0,   0,   0,   0,   0]
PANAMA                        [0,   2,   0,   0,   0,   0,   0,   0,   0,   0]
ABUNDANCE                     [0,   0,   1,   0,   0,   0,   0,   0,   0,   0]
FIGHTER                       [0,   0,   0,   0,   4,   2,   0,   0,   0,   0]
WRITES                        [0,   0,   0,   0,   0,   0,   0,   1,   0,   0]
PEOPLE                        [0,   3,   0,   0,   0,   0,   0,   0,   0,   0]
BEIJING                       [1,   0,   0,   0,   0,   0,   0,   0,   0,   0]
GENERAL                       [0,   0,   0,   0,   0,   0,   0,   0,   0,   1]
LIONEL                        [0,   0,   0,   0,   0,   0,   0,   0,   2,   0]
!!                            [0,   0,   0,   0,   0,   1,   0,   0,   0,   0]
DICTATOR                      [0,   3,   1,   0,   0,   0,   0,   0,   0,   0]
ALSO                          [5,   3,   1,   1,   1,   2,   1,   5,   1,   2]
EMBERS                        [1,   0,   0,   0,   0,   0,   0,   0,   0,   0]
ATTEMPTING                    [0,   2,   0,   0,   0,   0,   0,   0,   0,   0]
CLOSED                        [0,   0,   0,   0,   0,   0,   0,   0,   0,   1]
SHOWS                         [0,   2,   1,   0,   0,   0,   0,   0,   0,   0]
DEVELOP                       [0,   0,   0,   0,   0,   0,   0,   0,   1,   0]
MAYOR                         [0,   2,   0,   0,   0,   0,   0,   0,   0,   0]
BADASS                        [0,   0,   0,   0,   0,   0,   1,   0,   0,   0]
NARRATIVE-                    [0,   0,   0,   0,   0,   0,   0,   0,   1,   0]
SHOWN                         [0,   0,   0,   0,   0,   0,   1,   0,   0,   0]
ANOTHER                       [1,   2,   0,   0,   0,   0,   0,   0,   0,   0]
MODERN                        [0,   0,   0,   0,   0,   0,   0,   0,   0,   1]
TEND                          [0,   0,   0,   1,   0,   0,   0,   0,   0,   0]
PROTECTED                     [0,   1,   0,   0,   0,   0,   0,   0,   0,   0]
OFFERS                        [0,   0,   0,   1,   0,   0,   0,   0,   0,   0]
PROPERTIES                    [0,   0,   0,   0,   0,   0,   0,   1,   0,   0]
FORREST                       [0,   1,   0,   0,   0,   0,   0,   0,   0,   0]
CATEGORICALLY                 [0,   0,   0,   0,   0,   0,   1,   0,   0,   0]
BRANDS                        [0,   1,   0,   0,   0,   0,   0,   0,   0,   0]
ALLOWED                       [0,   0,   0,   0,   0,   0,   0,   0,   1,   0]
SHOWED                        [0,   0,   0,   0,   0,   0,   0,   0,   1,   0]
POINT                         [0,   0,   0,   2,   1,   0,   0,   0,   0,   0]
VERSION                       [1,   1,   2,   1,   0,   0,   0,   0,   0,   0]
INCREASE                      [0,   1,   0,   0,   0,   0,   0,   0,   0,   0]
(SMALLER                      [0,   0,   0,   0,   0,   0,   0,   0,   0,   1]
PLAYS                         [0,   0,   0,   0,   1,   0,   0,   0,   0,   0]
MAPS                          [0,   0,   0,   0,   0,   0,   0,   0,   0,   3]
CO-COUNSEL                    [0,   1,   0,   0,   0,   0,   0,   0,   0,   0]
ETIQUETTE                     [0,   0,   0,   1,   0,   0,   0,   0,   0,   0]
ENGLISH:                      [0,   0,   0,   0,   0,   1,   0,   0,   0,   0]
MIXES                         [0,   0,   0,   0,   0,   0,   0,   1,   0,   0]
(LISTEN                       [0,   0,   0,   0,   0,   0,   1,   0,   0,   0]
SOUND)                        [0,   0,   0,   0,   0,   0,   1,   0,   0,   0]
KOJIMA                        [0,   0,   0,   0,   0,   0,   3,   0,   0,   0]
PROFITS                       [0,   1,   0,   0,   0,   0,   0,   0,   0,   0]
STORIES                       [0,   1,   0,   0,   0,   0,   0,   0,   0,   0]
MIXED                         [0,   0,   0,   0,   0,   0,   0,   0,   1,   0]
AUTO                          [0,   0,   0,   0,   0,   1,   5,   0,   0,   0]
LEVELING                      [0,   0,   0,   0,   0,   0,   0,   0,   0,   1]
LOW-LEVEL                     [0,   0,   0,   1,   0,   0,   0,   0,   0,   0]
MESSAGE                       [0,   0,   0,   0,   0,   1,   0,   0,   0,   0]
DEMO                          [0,   0,   0,   0,   0,   0,   1,   0,   0,   0]
POPULAR                       [0,   1,   0,   0,   0,   0,   0,   0,   0,   0]
VERIFIED                      [0,   0,   0,   0,   0,   0,   0,   1,   0,   0]
TELEGRAPH                     [0,   0,   0,   0,   0,   2,   0,   0,   0,   0]
SYRIA                         [0,   0,   0,   0,   0,   1,   0,   0,   0,   0]
ALLEGEDLY                     [0,   0,   0,   0,   0,   0,   0,   1,   0,   0]
TACKLE                        [0,   0,   0,   0,   0,   0,   0,   0,   2,   0]
STRONGLY                      [0,   0,   0,   0,   0,   0,   0,   0,   1,   0]
DETAILS                       [0,   0,   0,   0,   0,   0,   0,   1,   1,   0]
TERMS                         [0,   0,   0,   0,   0,   0,   0,   1,   0,   0]
SHOULD                        [0,   0,   0,   0,   0,   0,   0,   0,   0,   1]
SPECIFICALLY                  [0,   1,   0,   0,   0,   0,   0,   0,   0,   0]
MOVES                         [0,   0,   0,   0,   1,   1,   0,   0,   0,   0]
ACKNOWLEDGED                  [0,   0,   0,   0,   0,   0,   0,   0,   1,   0]
SHORT                         [0,   0,   1,   0,   0,   0,   0,   0,   0,   0]
EXPECTED                      [0,   1,   0,   0,   0,   0,   0,   0,   0,   0]
ANIMALS                       [1,   1,   0,   0,   0,   0,   0,   0,   0,   0]
SAME                          [0,   0,   0,   0,   0,   1,   1,   0,   0,   0]
KIND                          [0,   0,   0,   0,   0,   0,   0,   0,   0,   1]
FAVOR                         [0,   0,   0,   0,   0,   0,   0,   0,   0,   1]
EGGS                          [0,   0,   0,   0,   0,   0,   0,   2,   0,   0]
KING                          [0,   0,   4,   0,   0,   0,   0,   0,   0,   0]
IRON                          [0,   0,   1,   0,   0,   0,   0,   0,   0,   0]
KYAKU                         [0,   0,   0,   0,   1,   0,   0,   0,   0,   0]
ALREADY                       [0,   0,   0,   0,   0,   0,   0,   1,   0,   0]
TIGER                         [0,   0,   0,   0,   1,   0,   0,   0,   0,   0]
DEBUT                         [0,   0,   0,   0,   0,   0,   1,   1,   0,   0]
SONGS                         [0,   0,   0,   0,   0,   0,   0,   1,   0,   0]
PARTICULARLY                  [0,   0,   1,   2,   0,   0,   0,   0,   0,   0]
MONEY                         [0,   1,   0,   0,   0,   0,   0,   0,   0,   0]
THREE                         [1,   1,   0,   0,   0,   0,   0,   0,   0,   0]
JIHADIST                      [0,   0,   0,   0,   0,   1,   0,   0,   0,   0]
DEMONSTRATES                  [0,   0,   0,   0,   0,   0,   0,   0,   0,   1]
MANUEL                        [0,   4,   0,   0,   0,   0,   0,   0,   0,   0]
TITLE                         [0,   0,   0,   0,   0,   0,   0,   0,   0,   1]
APPEARS                       [0,   1,   0,   0,   0,   0,   0,   0,   0,   0]
WEEK                          [0,   0,   1,   0,   0,   0,   0,   0,   0,   0]
SUBSTANTIALLY                 [0,   0,   0,   0,   0,   0,   0,   0,   1,   0]
POSSIBLE                      [0,   0,   0,   0,   0,   0,   0,   1,   0,   0]
LATER                         [0,   0,   1,   1,   0,   0,   0,   0,   0,   0]
CLIMAX                        [1,   0,   0,   0,   0,   0,   0,   0,   0,   0]
JULY                          [0,   0,   1,   0,   0,   0,   0,   0,   0,   0]
CHRONICLES                    [1,   0,   0,   0,   0,   0,   0,   0,   0,   0]
BRINGS                        [0,   0,   0,   0,   0,   0,   0,   0,   0,   1]
NEW                           [9,   1,   1,   5,   1,   1,   1,   15,  3,   2]
OCTOBER                       [0,   0,   1,   1,   0,   0,   0,   0,   0,   0]
ENGRAMS                       [0,   0,   0,   2,   0,   0,   0,   0,   0,   0]
PLAYER                        [0,   0,   0,   0,   0,   0,   0,   2,   1,   0]
DIFFERENT                     [2,   0,   0,   0,   0,   0,   0,   0,   0,   0]
DAY                           [2,   1,   0,   0,   0,   0,   0,   0,   0,   0]
SUNKEN                        [0,   0,   1,   0,   0,   0,   0,   0,   0,   0]
OPERATING                     [0,   0,   0,   0,   0,   1,   0,   0,   0,   0]
TECH                          [0,   0,   0,   0,   0,   1,   0,   0,   0,   0]
GERMAN                        [0,   0,   0,   0,   0,   0,   0,   0,   0,   1]
RELEASE                       [0,   0,   2,   1,   2,   1,   0,   0,   0,   0]
DEAL                          [0,   0,   0,   0,   0,   0,   0,   0,   1,   0]
FEATURING                     [0,   0,   0,   0,   0,   0,   0,   0,   0,   1]
PROMISE                       [0,   0,   0,   0,   0,   0,   0,   0,   2,   0]
HAS                           [2,   2,   2,   1,   1,   3,   4,   1,   0,   0]
THAT                          [6,   8,   1,   2,   4,   1,   2,   1,   6,   13]
PREORDER                      [1,   0,   0,   0,   0,   0,   0,   0,   0,   0]
LAUNCH                        [1,   1,   0,   0,   0,   0,   0,   0,   0,   0]
THAN                          [1,   1,   1,   0,   0,   0,   0,   0,   0,   0]
SYSTEM                        [0,   0,   0,   0,   0,   0,   0,   2,   0,   0]
DEAD                          [3,   0,   0,   0,   0,   0,   0,   0,   0,   0]
STORY                         [3,   2,   0,   0,   0,   0,   0,   0,   0,   0]
IMAGE                         [1,   1,   0,   0,   0,   0,   0,   0,   0,   0]
LESS                          [0,   0,   0,   0,   0,   0,   0,   0,   1,   0]
HAD                           [0,   1,   2,   0,   0,   0,   0,   0,   0,   0]
CHINESE                       [1,   0,   0,   0,   0,   0,   0,   0,   0,   0]
DROPPED                       [0,   0,   0,   1,   0,   0,   0,   0,   0,   0]
SUCCEEDED                     [0,   0,   0,   0,   0,   0,   0,   0,   1,   0]
EACH                          [0,   0,   0,   0,   2,   0,   0,   0,   0,   0]
VISIT                         [1,   0,   0,   0,   0,   0,   0,   0,   0,   0]
INTO                          [0,   0,   0,   0,   1,   1,   1,   0,   0,   0]
LANTERN                       [1,   0,   0,   0,   0,   0,   0,   0,   0,   0]
SITUATED                      [0,   0,   0,   1,   0,   0,   0,   0,   0,   0]
NORTH???S                     [0,   0,   0,   0,   0,   0,   0,   1,   0,   0]
EXPLOSIVE                     [0,   0,   0,   0,   0,   1,   0,   0,   0,   0]
TRANSFER                      [0,   0,   0,   0,   0,   0,   0,   1,   0,   0]
WITHOUT                       [0,   2,   1,   0,   0,   0,   0,   0,   0,   0]
SAINT                         [1,   0,   0,   0,   0,   0,   0,   0,   0,   0]
SAYS                          [1,   4,   1,   0,   0,   0,   0,   0,   0,   0]
SUGGEST                       [0,   0,   0,   0,   0,   0,   0,   0,   1,   0]
PLANS                         [0,   1,   0,   0,   0,   0,   0,   0,   0,   0]
FEMALE                        [2,   0,   0,   0,   0,   0,   0,   0,   0,   0]
JUNE                          [0,   0,   0,   0,   0,   0,   0,   0,   1,   0]
MONTHLY                       [0,   0,   1,   0,   0,   0,   0,   0,   0,   0]
ASTONISHING                   [0,   1,   0,   0,   0,   0,   0,   0,   0,   0]
POLICE                        [0,   0,   0,   0,   0,   1,   0,   0,   0,   0]
DEVELOPMENT                   [0,   0,   0,   0,   0,   0,   0,   1,   1,   0]
CREED                         [16,  3,   0,   0,   0,   0,   0,   0,   0,   0]
ALPHA                         [0,   0,   0,   0,   0,   0,   0,   0,   0,   2]
EUROPE                        [0,   0,   0,   0,   0,   0,   0,   1,   0,   0]
BLUE                          [0,   0,   0,   1,   0,   0,   0,   0,   0,   0]
TOURNAMENTS                   [0,   0,   0,   0,   2,   0,   0,   0,   0,   0]
LAUNCHING                     [1,   0,   0,   0,   0,   0,   0,   0,   0,   0]
CRIMES                        [0,   1,   0,   0,   0,   0,   0,   0,   0,   0]
UNLOCKS                       [1,   0,   0,   0,   0,   0,   0,   0,   0,   0]
MOVIE                         [1,   1,   0,   0,   0,   0,   0,   0,   0,   0]
EDITIONS                      [0,   0,   0,   0,   0,   0,   0,   1,   0,   0]
NUMEROUS                      [0,   2,   0,   0,   0,   0,   0,   0,   0,   0]
BUDDY                         [0,   0,   0,   0,   0,   0,   1,   0,   0,   0]
REACHED                       [0,   0,   0,   0,   0,   0,   0,   0,   1,   0]
MARTIAL                       [1,   0,   0,   0,   0,   0,   0,   0,   0,   0]
CARRY                         [1,   0,   0,   0,   0,   0,   0,   0,   0,   0]
KEN???S                       [0,   0,   0,   0,   1,   0,   0,   0,   0,   0]
WHETHER                       [0,   0,   0,   1,   0,   0,   0,   0,   0,   0]
VEHICLE                       [0,   0,   0,   0,   0,   0,   0,   1,   0,   0]
ESSENTIAL                     [0,   0,   1,   0,   0,   0,   0,   0,   0,   0]
PASSES                        [0,   0,   0,   0,   0,   0,   0,   0,   0,   1]
DRAW                          [0,   0,   0,   0,   0,   0,   0,   1,   0,   0]
WHERE                         [0,   0,   0,   0,   0,   0,   0,   0,   0,   1]
VERY                          [2,   0,   0,   0,   0,   0,   0,   0,   0,   0]
LAW                           [0,   1,   0,   0,   0,   0,   0,   0,   0,   0]
SOCIAL                        [0,   0,   0,   0,   0,   1,   0,   0,   0,   0]
SOLD                          [1,   0,   0,   0,   0,   0,   0,   0,   0,   0]
FIGHTERS                      [0,   0,   0,   0,   1,   0,   0,   0,   0,   0]
EARLY                         [1,   1,   0,   0,   0,   0,   0,   0,   0,   0]
REPRESENTATIVE                [1,   0,   0,   0,   0,   0,   0,   0,   0,   0]
PENCILED                      [0,   0,   1,   0,   0,   0,   0,   0,   0,   0]
BUSINESS                      [0,   1,   0,   0,   0,   0,   0,   0,   0,   0]
REIMAGINING                   [0,   0,   0,   0,   0,   0,   0,   1,   0,   0]
AGENCY                        [0,   0,   0,   0,   0,   0,   0,   0,   1,   0]
WANDERING                     [1,   0,   0,   0,   0,   0,   0,   0,   0,   0]
PICKING                       [0,   0,   0,   1,   0,   0,   0,   0,   0,   0]
WRITING                       [0,   0,   1,   0,   0,   0,   0,   0,   0,   0]
REVEAL                        [0,   0,   0,   0,   0,   0,   0,   0,   0,   1]
HER                           [1,   2,   0,   0,   0,   0,   0,   0,   0,   0]
TREASURE                      [1,   1,   0,   0,   0,   0,   0,   0,   0,   0]
BADASSNESS                    [0,   0,   0,   0,   0,   0,   1,   0,   0,   0]
GARAGE                        [0,   0,   0,   0,   0,   0,   0,   1,   0,   0]
ALEX                          [1,   0,   0,   0,   0,   0,   0,   0,   0,   0]
SOME                          [1,   1,   1,   2,   1,   0,   0,   0,   0,   0]
SUDDEN                        [0,   0,   0,   0,   0,   0,   1,   0,   0,   0]
MODEL                         [0,   0,   0,   0,   0,   0,   0,   0,   0,   1]
COLLECTION                    [0,   0,   0,   0,   0,   0,   0,   0,   0,   1]
NEXT-GEN                      [0,   0,   0,   0,   0,   0,   0,   4,   0,   0]
PUSHED                        [0,   0,   1,   0,   0,   0,   0,   0,   0,   0]
ADDRESSES                     [0,   0,   0,   0,   1,   0,   0,   0,   0,   0]
???RAISE                      [0,   0,   0,   0,   0,   1,   0,   0,   0,   0]
GHOST                         [0,   0,   0,   0,   0,   0,   2,   1,   0,   0]
WORLD                         [0,   0,   0,   1,   1,   0,   0,   0,   0,   0]
CONSIDERING                   [0,   2,   0,   0,   0,   0,   0,   0,   0,   0]
TRULY                         [1,   0,   0,   0,   0,   0,   0,   0,   0,   0]
ANTI-SLAPP                    [0,   1,   0,   0,   0,   0,   0,   0,   0,   0]
WRAPPED                       [1,   0,   0,   0,   0,   0,   0,   0,   0,   0]
OPPOSE                        [0,   0,   0,   0,   0,   1,   0,   0,   0,   0]
PROVED                        [0,   0,   0,   0,   0,   1,   0,   0,   0,   0]
HAIR                          [0,   0,   1,   0,   0,   0,   0,   0,   0,   0]
TRAIN                         [0,   0,   0,   0,   0,   2,   0,   0,   0,   0]
CRITICIZED                    [0,   0,   0,   0,   0,   0,   0,   0,   1,   0]
PROVES                        [0,   0,   0,   0,   0,   0,   1,   0,   0,   0]
ADDITIONAL                    [1,   1,   0,   0,   0,   0,   0,   0,   0,   0]
UNFAIR                        [0,   1,   0,   0,   0,   0,   0,   0,   0,   0]
GRAND                         [0,   0,   0,   0,   0,   1,   5,   0,   0,   0]
TRENDS                        [0,   0,   0,   0,   0,   0,   0,   0,   0,   1]
DISTRACTION                   [0,   0,   0,   0,   0,   0,   1,   0,   0,   0]
RUSSIA                        [0,   0,   0,   1,   0,   0,   0,   0,   0,   0]
GIVING                        [0,   1,   0,   0,   0,   0,   0,   0,   0,   0]
GIVE                          [0,   0,   0,   0,   1,   0,   0,   0,   0,   0]
NEARBY                        [0,   0,   0,   1,   0,   0,   0,   0,   0,   0]
ELEMENTS                      [0,   0,   0,   0,   0,   0,   0,   0,   1,   0]
GAMEPLAY                      [0,   0,   0,   0,   0,   0,   0,   1,   1,   2]
VETO                          [0,   1,   0,   0,   0,   0,   0,   0,   0,   0]
IN-GAME                       [0,   0,   0,   0,   0,   0,   0,   2,   1,   0]
SEEN                          [0,   0,   0,   0,   0,   1,   0,   0,   0,   0]
TEAM                          [0,   0,   0,   0,   0,   0,   0,   1,   0,   0]
DARKEST                       [1,   0,   0,   0,   0,   0,   0,   0,   0,   0]
TEASES                        [1,   0,   0,   0,   0,   0,   0,   0,   0,   0]
NIGHT                         [0,   1,   0,   0,   0,   0,   0,   0,   0,   0]
TEASER                        [0,   0,   0,   0,   0,   0,   1,   0,   0,   0]
THOUGH                        [1,   1,   2,   1,   0,   0,   0,   0,   0,   0]
MCNAMARA                      [0,   1,   0,   0,   0,   0,   0,   0,   0,   0]
FOUND                         [0,   0,   0,   1,   1,   0,   0,   0,   0,   0]
SEEKING                       [0,   1,   0,   0,   0,   0,   0,   0,   0,   0]
--                            [0,   1,   1,   0,   0,   0,   0,   0,   0,   0]
JUST                          [0,   0,   0,   3,   1,   1,   1,   0,   0,   0]
PREVIOUSLY                    [0,   0,   1,   1,   0,   0,   0,   0,   0,   0]
PRESIDENT                     [0,   1,   0,   0,   0,   0,   0,   0,   0,   0]
STANDALONE                    [1,   0,   0,   0,   0,   0,   0,   0,   0,   0]
BROKEN                        [0,   0,   0,   0,   0,   1,   0,   0,   0,   0]
SKILLS                        [3,   0,   0,   0,   0,   0,   0,   0,   0,   0]
WORKING                       [0,   0,   0,   0,   0,   0,   0,   1,   0,   0]
POSSIBLY                      [0,   0,   0,   0,   0,   0,   1,   0,   0,   0]
RELEASED                      [1,   1,   1,   1,   1,   1,   1,   0,   0,   0]
PLEDGING                      [0,   0,   0,   0,   0,   0,   0,   1,   0,   0]
AMANCIO                       [1,   0,   0,   0,   0,   0,   0,   0,   0,   0]
SHE                           [1,   0,   0,   0,   0,   0,   0,   0,   0,   0]
CONTAINS                      [0,   0,   0,   1,   0,   0,   0,   0,   0,   0]
QUAKE                         [0,   0,   0,   0,   0,   0,   0,   0,   0,   1]
SIDESCROLLING                 [1,   0,   0,   0,   0,   0,   0,   0,   0,   0]
NOW                           [1,   1,   1,   1,   0,   0,   0,   0,   0,   0]
DESTROYED                     [1,   0,   0,   0,   0,   0,   0,   0,   0,   0]
NOT                           [2,   2,   3,   2,   1,   1,   0,   0,   0,   0]
PRISON                        [0,   1,   0,   0,   0,   0,   0,   0,   0,   0]
SPAWN                         [0,   0,   0,   2,   0,   0,   0,   0,   0,   0]
REQUIRE                       [0,   0,   0,   0,   0,   0,   0,   0,   1,   0]
SECRETARY                     [0,   1,   0,   0,   0,   0,   0,   0,   0,   0]
MONTH                         [0,   0,   0,   0,   0,   0,   0,   0,   0,   1]
ACTION                        [0,   0,   0,   0,   0,   0,   0,   0,   0,   1]
CHARACTER                     [1,   2,   0,   0,   0,   0,   0,   0,   0,   0]
STATEMENT                     [0,   1,   0,   0,   0,   0,   0,   0,   0,   0]
WANTED                        [0,   0,   0,   0,   0,   0,   0,   0,   1,   0]
BATTLE                        [0,   0,   0,   0,   0,   2,   0,   0,   0,   0]
FORMS                         [0,   1,   0,   0,   0,   0,   0,   0,   0,   0]
HORRENDOUS                    [0,   0,   0,   0,   0,   0,   1,   0,   0,   0]
USING                         [1,   0,   0,   0,   0,   0,   0,   0,   0,   0]
NOTORIOUS                     [0,   1,   0,   0,   0,   0,   0,   0,   0,   0]
BOARDWALK                     [0,   1,   0,   0,   0,   0,   0,   0,   0,   0]
THIS                          [3,   1,   1,   1,   3,   1,   1,   0,   0,   0]
PHANTOM                       [0,   0,   0,   0,   0,   0,   3,   0,   0,   0]
COMMON-LAW                    [0,   1,   0,   0,   0,   0,   0,   0,   0,   0]
SUCH                          [0,   0,   0,   1,   2,   1,   1,   0,   0,   0]
HEARTS                        [0,   0,   0,   0,   0,   1,   0,   0,   0,   0]
ATTACK                        [0,   2,   0,   0,   0,   0,   0,   0,   0,   0]
SHY                           [0,   0,   0,   0,   0,   0,   0,   0,   1,   0]
SOLID                         [0,   0,   0,   0,   0,   0,   1,   0,   0,   0]
DESIGN                        [0,   0,   1,   0,   0,   0,   0,   0,   0,   0]
POSITIVE                      [0,   0,   2,   1,   0,   0,   0,   0,   0,   0]
ARRIVE                        [0,   0,   0,   1,   0,   0,   0,   0,   0,   0]
GOING                         [0,   0,   0,   0,   0,   0,   0,   0,   2,   0]
WILL                          [5,   2,   1,   4,   1,   9,   3,   1,   0,   0]
SHIPPED                       [0,   0,   0,   0,   0,   0,   0,   0,   1,   0]
DOUBLE-HANDED                 [1,   0,   0,   0,   0,   0,   0,   0,   0,   0]
GUN                           [1,   0,   0,   0,   0,   0,   0,   0,   0,   0]
COMBO                         [0,   0,   0,   0,   1,   0,   0,   0,   0,   0]
INITIAL                       [0,   0,   0,   0,   0,   0,   0,   0,   1,   0]
GOOGLECACHE                   [0,   0,   0,   0,   0,   0,   0,   2,   0,   0]
ALLOW                         [0,   0,   0,   0,   0,   0,   0,   0,   1,   0]
OUTSIDE                       [1,   0,   0,   0,   0,   0,   0,   0,   0,   0]
STATIONS                      [0,   0,   0,   0,   0,   0,   0,   1,   0,   0]
REITERATED                    [0,   0,   0,   0,   0,   0,   0,   0,   0,   1]
ORGANIZATION                  [0,   0,   0,   0,   0,   1,   0,   0,   0,   0]
REVIEW                        [0,   0,   1,   1,   0,   0,   0,   0,   0,   0]
GRAPHICAL                     [0,   0,   0,   0,   0,   0,   0,   1,   0,   0]
SAY                           [0,   0,   0,   0,   0,   0,   0,   0,   1,   0]
EVENTS                        [1,   2,   0,   0,   0,   0,   0,   0,   0,   0]
MOVIES                        [0,   2,   0,   0,   0,   0,   0,   0,   0,   0]
NOTICE                        [1,   0,   0,   0,   0,   0,   0,   0,   0,   0]
BELIEVED                      [0,   0,   0,   0,   0,   1,   1,   0,   0,   0]
SPECIAL                       [0,   0,   0,   0,   1,   0,   0,   0,   0,   0]
LEVEL                         [0,   0,   0,   0,   0,   0,   0,   0,   1,   0]
RECEIVED                      [0,   0,   0,   0,   0,   0,   0,   0,   1,   0]
RAYNAUD                       [0,   0,   0,   0,   0,   0,   0,   0,   9,   0]
WOLF                          [0,   0,   0,   0,   0,   0,   1,   0,   0,   0]
WARFARE)                      [0,   0,   0,   0,   0,   0,   0,   0,   0,   1]
END                           [0,   0,   0,   0,   0,   0,   1,   0,   0,   0]
MUCH                          [0,   0,   0,   1,   2,   1,   0,   0,   0,   0]
RIPPED                        [0,   1,   0,   0,   0,   0,   0,   0,   0,   0]
KNOW                          [1,   1,   2,   1,   0,   0,   0,   0,   0,   0]
DELAY                         [0,   0,   0,   0,   0,   0,   0,   0,   1,   0]
ONLY                          [2,   1,   0,   0,   0,   0,   0,   0,   0,   0]
WIFE                          [0,   1,   0,   0,   0,   0,   0,   0,   0,   0]
TRAFFIC                       [0,   0,   0,   0,   0,   0,   0,   2,   0,   0]
PART                          [0,   1,   1,   1,   0,   0,   0,   0,   0,   0]
THEY                          [1,   1,   0,   0,   0,   0,   0,   0,   0,   0]
UNJUST                        [0,   1,   0,   0,   0,   0,   0,   0,   0,   0]
ANNOUNCED                     [2,   2,   2,   1,   1,   0,   0,   0,   0,   0]
GENUINE                       [0,   0,   0,   0,   0,   0,   0,   1,   0,   0]
SELECTION                     [0,   0,   0,   0,   0,   0,   0,   2,   0,   0]
MORALE                        [0,   0,   0,   0,   0,   1,   0,   0,   0,   0]
FREE                          [0,   1,   1,   1,   2,   0,   0,   0,   0,   0]
TRAINED                       [1,   0,   0,   0,   0,   0,   0,   0,   0,   0]
THEM                          [0,   0,   0,   0,   0,   0,   0,   0,   2,   0]
THEN                          [0,   0,   0,   0,   0,   0,   0,   1,   0,   0]
SEE                           [1,   1,   1,   1,   0,   0,   0,   0,   0,   0]
ENDLESSLY                     [0,   0,   0,   1,   0,   0,   0,   0,   0,   0]
CONTRACTS                     [1,   0,   0,   0,   0,   0,   0,   0,   0,   0]
COUPLE                        [0,   0,   0,   0,   0,   0,   0,   0,   0,   1]
DENIS                         [1,   0,   0,   0,   0,   0,   0,   0,   0,   0]
AMERICA                       [0,   0,   0,   0,   0,   0,   0,   1,   0,   0]
ACCESS                        [2,   1,   0,   0,   0,   0,   0,   0,   0,   0]
JOBS                          [0,   0,   0,   0,   0,   0,   0,   1,   0,   0]
GIULIANI                      [0,   6,   0,   0,   0,   0,   0,   0,   0,   0]
EXISTS                        [0,   0,   0,   0,   0,   0,   0,   1,   0,   0]
TOWNS                         [0,   0,   0,   0,   0,   0,   0,   1,   0,   0]
CITY                          [1,   1,   1,   0,   0,   0,   0,   0,   0,   0]
IVORY                         [0,   0,   2,   0,   0,   0,   0,   0,   0,   0]
FARM                          [0,   0,   0,   1,   0,   0,   0,   0,   0,   0]
MAIBERG                       [0,   0,   0,   0,   1,   1,   1,   0,   0,   0]
LOOPS                         [0,   0,   0,   0,   0,   0,   0,   0,   1,   0]
GUMP                          [0,   1,   0,   0,   0,   0,   0,   0,   0,   0]
STATE                         [0,   1,   1,   1,   0,   0,   0,   0,   0,   0]
FOOTAGE                       [0,   0,   0,   0,   0,   2,   0,   0,   0,   0]
RIGHTS                        [0,   5,   0,   0,   0,   0,   0,   0,   0,   0]
EXPLAINS                      [0,   0,   0,   0,   1,   0,   0,   0,   0,   0]
EXERCISING                    [0,   1,   0,   0,   0,   0,   0,   0,   0,   0]
FEATURES                      [0,   0,   0,   0,   0,   0,   0,   3,   0,   0]
TECHNOLOGIES                  [0,   0,   0,   0,   0,   0,   0,   0,   1,   0]
COMMERCIAL                    [0,   0,   0,   0,   0,   0,   0,   0,   1,   0]
WEBSITE                       [0,   0,   0,   0,   0,   0,   0,   1,   0,   0]
OVERHAULED                    [0,   0,   0,   0,   0,   0,   0,   2,   0,   0]
SET                           [2,   1,   1,   1,   1,   0,   0,   0,   0,   0]
FRANCHISE                     [1,   1,   3,   0,   0,   0,   0,   0,   0,   0]
LOOT-RICH                     [0,   0,   0,   1,   0,   0,   0,   0,   0,   0]
CRITICAL                      [0,   0,   0,   0,   0,   0,   0,   0,   1,   0]
EXECUTIVE                     [0,   0,   0,   0,   0,   0,   0,   0,   2,   0]
POSSIBILITY                   [0,   0,   0,   0,   0,   0,   0,   0,   1,   0]
AMBITION                      [0,   0,   0,   0,   0,   0,   0,   0,   2,   0]
TUNNELS                       [1,   0,   0,   0,   0,   0,   0,   0,   0,   0]
ACTUALLY                      [0,   0,   0,   0,   0,   0,   0,   0,   1,   0]
BECAUSE                       [1,   1,   1,   0,   0,   0,   0,   0,   0,   0]
IMPORTANT                     [0,   1,   0,   0,   0,   0,   0,   0,   0,   0]
MINUTES                       [0,   0,   0,   0,   0,   0,   0,   0,   0,   1]
COUPLED                       [0,   0,   0,   0,   0,   0,   0,   0,   1,   0]
PRODUCTIONS                   [0,   0,   0,   0,   0,   0,   1,   0,   0,   0]
AMENDMENT                     [0,   1,   0,   0,   0,   0,   0,   0,   0,   0]
BALANCE                       [0,   0,   0,   0,   2,   0,   0,   0,   0,   0]
COMES                         [0,   2,   0,   0,   0,   0,   0,   0,   0,   0]
DEFENDANTS                    [0,   1,   0,   0,   0,   0,   0,   0,   0,   0]
LLP                           [0,   1,   0,   0,   0,   0,   0,   0,   0,   0]
DROP                          [0,   0,   0,   3,   0,   0,   0,   0,   0,   0]
CHOICES                       [0,   0,   0,   0,   0,   0,   0,   0,   1,   0]
EFFECT                        [0,   1,   0,   0,   0,   0,   0,   0,   0,   0]
ACROSS                        [0,   0,   0,   0,   0,   0,   0,   2,   0,   0]
STARS                         [2,   0,   0,   0,   0,   0,   0,   0,   0,   0]
EDDIE                         [1,   1,   1,   0,   0,   0,   0,   0,   0,   0]
NORTH                         [0,   0,   0,   0,   0,   0,   0,   2,   0,   0]
MID-SEPTEMBER                 [0,   0,   0,   0,   0,   0,   0,   1,   0,   0]
CALLS                         [0,   1,   0,   0,   0,   0,   0,   0,   0,   0]
RECEIVE                       [1,   2,   0,   0,   0,   0,   0,   0,   0,   0]
ADMITTED                      [0,   0,   0,   0,   0,   0,   0,   0,   1,   0]
LATE                          [0,   0,   0,   0,   0,   0,   0,   1,   0,   0]
GUILLOTINE                    [1,   0,   0,   0,   0,   0,   0,   0,   0,   0]
LATEST                        [0,   0,   0,   0,   0,   0,   0,   0,   0,   1]
REDDDIT                       [0,   0,   0,   1,   0,   0,   0,   0,   0,   0]
INCREASED                     [0,   0,   0,   0,   0,   0,   0,   2,   0,   0]
DISPATCHED                    [0,   0,   0,   1,   0,   0,   0,   0,   0,   0]
SIMPLY                        [0,   2,   0,   0,   0,   0,   0,   0,   0,   0]
ENEMY                         [0,   1,   1,   1,   0,   0,   0,   0,   0,   0]
JINRAI                        [0,   0,   0,   0,   1,   0,   0,   0,   0,   0]
GOT                           [0,   0,   0,   0,   0,   0,   0,   0,   0,   1]
THING                         [0,   0,   0,   1,   1,   1,   0,   0,   0,   0]
APPEARANCES                   [0,   1,   0,   0,   0,   0,   0,   0,   0,   0]
ARGUES                        [0,   1,   0,   0,   0,   0,   0,   0,   0,   0]
LOS                           [0,   0,   0,   0,   0,   0,   0,   1,   0,   0]
AIDING                        [1,   0,   0,   0,   0,   0,   0,   0,   0,   0]
LOT                           [0,   0,   0,   0,   0,   0,   0,   0,   1,   1]
DETAILED                      [1,   0,   0,   0,   0,   0,   0,   0,   0,   0]
COMPANY                       [0,   1,   1,   1,   0,   0,   0,   0,   0,   0]
TERROR                        [0,   0,   0,   0,   0,   1,   0,   0,   0,   0]
BACK                          [1,   1,   1,   0,   0,   0,   0,   0,   0,   0]
MADE                          [0,   0,   0,   0,   0,   0,   1,   0,   0,   0]
CONSIDERED                    [0,   0,   0,   0,   0,   0,   0,   0,   1,   0]
LIVE                          [0,   1,   1,   1,   0,   0,   0,   0,   0,   0]
DARK                          [1,   1,   1,   0,   0,   0,   0,   0,   0,   0]
REWARDING                     [0,   0,   0,   1,   0,   0,   0,   0,   0,   0]
IMPROVEMENTS                  [0,   0,   0,   0,   0,   0,   0,   2,   0,   0]
MAKUCH                        [1,   1,   1,   0,   0,   0,   0,   0,   0,   0]
BOTH                          [0,   0,   0,   0,   0,   0,   0,   1,   0,   0]
RESPAWNING                    [0,   0,   0,   1,   0,   0,   0,   0,   0,   0]
LAST                          [0,   0,   0,   0,   0,   0,   0,   0,   0,   1]
OFFLINE                       [0,   0,   0,   0,   0,   0,   0,   1,   0,   0]
WRITTEN                       [0,   0,   0,   0,   0,   1,   0,   0,   0,   0]
WORK                          [0,   0,   0,   0,   0,   0,   0,   2,   0,   0]
UNITY                         [7,   0,   0,   0,   0,   0,   0,   0,   0,   0]
BOTS                          [0,   0,   0,   0,   0,   0,   0,   0,   0,   1]
FLEUR                         [1,   0,   0,   0,   0,   0,   0,   0,   0,   0]
BELOVED                       [0,   1,   0,   0,   0,   0,   0,   0,   0,   0]
ABOUT                         [1,   1,   1,   3,   1,   0,   0,   0,   0,   0]
DETONATED                     [0,   0,   0,   0,   0,   1,   0,   0,   0,   0]
SATURDAY                      [0,   1,   0,   0,   0,   0,   0,   0,   0,   0]
RECEPTION                     [0,   0,   0,   0,   0,   0,   0,   0,   4,   1]
FELLA                         [0,   0,   0,   0,   0,   0,   1,   0,   0,   0]
LISA                          [0,   0,   0,   0,   0,   0,   5,   0,   0,   0]
MURDERER                      [0,   1,   0,   0,   0,   0,   0,   0,   0,   0]
SMUGGLER                      [0,   1,   0,   0,   0,   0,   0,   0,   0,   0]
OFFER                         [0,   0,   0,   0,   0,   0,   0,   0,   1,   0]
CALIFORNIA                    [0,   2,   1,   0,   0,   0,   0,   0,   0,   0]
MONDAY                        [0,   2,   0,   0,   0,   0,   0,   0,   0,   0]
ABOVE                         [2,   1,   1,   0,   0,   0,   0,   0,   0,   0]
THROWS                        [0,   0,   0,   0,   1,   0,   0,   0,   0,   0]
FAVORITE                      [0,   0,   0,   0,   2,   1,   0,   0,   0,   0]
TRAMPLED                      [0,   2,   0,   0,   0,   0,   0,   0,   0,   0]
LIST                          [0,   0,   0,   0,   0,   0,   0,   1,   0,   0]
KENNEDY                       [0,   1,   0,   0,   0,   0,   0,   0,   0,   0]
DENY                          [0,   1,   0,   0,   0,   0,   0,   0,   0,   0]
HEAVY                         [0,   0,   0,   1,   0,   0,   0,   0,   0,   0]
EQUIP                         [0,   0,   0,   1,   0,   0,   0,   0,   0,   0]
OUTFIT                        [0,   0,   0,   0,   1,   0,   0,   0,   0,   0]
ITS                           [1,   2,   2,   1,   1,   2,   1,   2,   0,   0]
NYC                           [0,   1,   0,   0,   0,   0,   0,   0,   0,   0]
CLAIMS                        [0,   1,   1,   0,   0,   0,   0,   0,   0,   0]
SUIT                          [0,   1,   0,   0,   0,   0,   0,   0,   0,   0]
AVAILABLE                     [1,   2,   0,   0,   0,   0,   0,   0,   0,   0]
SOULS                         [0,   0,   1,   0,   0,   0,   0,   0,   0,   0]
EXPLORE                       [2,   0,   0,   0,   0,   0,   0,   0,   0,   0]
CHECK                         [0,   0,   0,   0,   1,   0,   0,   0,   0,   0]
USE                           [0,   0,   0,   0,   1,   1,   2,   0,   0,   0]
FROM                          [3,   5,   2,   2,   2,   2,   2,   0,   0,   0]
HOWEVER                       [0,   0,   0,   0,   0,   0,   0,   2,   0,   0]
GAME                          [10,  1,   1,   1,   3,   1,   10,  4,   0,   0]
DISPLAYS                      [0,   0,   0,   0,   0,   1,   0,   0,   0,   0]
OVER                          [0,   2,   1,   0,   0,   0,   0,   0,   0,   0]
IT:                           [0,   0,   0,   1,   0,   0,   0,   0,   0,   0]
CIVILIANS                     [0,   0,   0,   0,   0,   1,   0,   0,   0,   0]
GTA                           [0,   0,   0,   0,   0,   1,   6,   0,   0,   0]
MAIN                          [4,   0,   0,   0,   0,   0,   0,   0,   0,   0]
CAPCOM                        [0,   0,   0,   0,   6,   0,   0,   0,   0,   0]
GENERATED                     [0,   1,   1,   0,   0,   0,   0,   0,   0,   0]
SHINPPU                       [0,   0,   0,   0,   1,   0,   0,   0,   0,   0]
AUTHORIZATION                 [0,   1,   0,   0,   0,   0,   0,   0,   0,   0]
ISN                           [0,   0,   0,   0,   0,   0,   0,   0,   1,   0]
MASSIVE                       [0,   0,   0,   0,   0,   0,   0,   0,   0,   1]
UPDATE                        [0,   0,   0,   0,   1,   0,   0,   0,   0,   0]
CHINA                         [11,  0,   0,   0,   0,   0,   0,   0,   0,   0]
EXCLUSIVE                     [1,   0,   0,   0,   0,   0,   0,   0,   0,   0]
PRO                           [0,   0,   0,   0,   1,   0,   0,   0,   0,   0]
CAREFULLY                     [0,   0,   0,   0,   0,   0,   1,   0,   0,   0]
LEGENDARY                     [0,   0,   0,   1,   0,   0,   0,   0,   0,   0]
DRUG                          [0,   1,   0,   0,   0,   0,   0,   0,   0,   0]
CROWNS                        [0,   0,   1,   0,   0,   0,   0,   0,   0,   0]
ONCE                          [0,   0,   0,   1,   0,   0,   0,   0,   0,   0]
PAIN                          [0,   0,   0,   0,   0,   0,   3,   0,   0,   0]
HANDY                         [0,   0,   0,   0,   0,   0,   1,   0,   0,   0]
COMPONENT                     [2,   0,   0,   0,   0,   0,   0,   0,   0,   0]
TRAILER                       [0,   0,   0,   0,   0,   0,   1,   3,   1,   0]
VARIOUS                       [1,   1,   1,   0,   0,   0,   0,   0,   0,   0]
MINDSET                       [0,   0,   0,   0,   0,   0,   0,   0,   1,   0]
SERIES                        [0,   0,   0,   0,   0,   0,   0,   0,   2,   0]
DASH                          [0,   0,   0,   0,   0,   0,   0,   1,   0,   0]
NEWLY                         [0,   0,   0,   0,   0,   0,   0,   1,   1,   0]
STREET                        [0,   0,   0,   0,   4,   0,   0,   0,   0,   0]
SAGAT???S                     [0,   0,   0,   0,   1,   0,   0,   0,   0,   0]
CAMPAIGN                      [1,   0,   0,   0,   0,   0,   0,   0,   0,   0]
PLACE                         [1,   0,   0,   0,   0,   0,   0,   0,   0,   0]
MAKE                          [0,   0,   1,   1,   2,   2,   0,   0,   0,   0]
RANGE                         [0,   0,   0,   0,   0,   0,   0,   1,   0,   0]
BEFORE                        [0,   0,   0,   0,   0,   0,   0,   0,   0,   1]
BOSS                          [0,   0,   0,   0,   0,   0,   3,   0,   0,   0]
AFFILIATE                     [0,   0,   0,   0,   1,   0,   0,   0,   0,   0]
ENTRY                         [0,   0,   0,   0,   0,   0,   0,   0,   1,   0]
AFTER                         [1,   0,   0,   0,   0,   0,   0,   0,   0,   0]
NEVERTHELESS                  [0,   0,   0,   0,   0,   0,   0,   0,   1,   0]
BRAND-NEW                     [2,   0,   0,   0,   0,   0,   0,   0,   0,   0]
WEBSITE--ALTHOUGH             [0,   0,   0,   0,   0,   0,   0,   1,   0,   0]
REFERENCING                   [0,   0,   0,   0,   0,   0,   0,   0,   1,   0]
ADDRESSING                    [0,   0,   0,   0,   0,   0,   0,   0,   1,   0]
SHOWCASED                     [0,   0,   0,   0,   0,   0,   1,   0,   0,   0]
LORDS                         [1,   0,   0,   0,   0,   0,   0,   0,   0,   0]
ATTACKS                       [0,   0,   0,   0,   2,   0,   0,   0,   0,   0]
RUN                           [0,   0,   0,   1,   0,   0,   0,   0,   0,   0]
PAGE                          [0,   0,   0,   0,   0,   0,   0,   6,   0,   0]
SIDE                          [1,   0,   0,   0,   0,   0,   0,   0,   0,   0]
CREATIVE                      [1,   1,   1,   0,   0,   0,   0,   0,   0,   0]
FINALLY                       [0,   0,   0,   0,   0,   0,   0,   0,   0,   1]
REMAINING                     [1,   0,   0,   0,   0,   0,   0,   0,   0,   0]
ERA                           [0,   0,   0,   0,   0,   0,   0,   0,   0,   1]
BASIS                         [0,   0,   1,   0,   0,   0,   0,   0,   0,   0]
INTERVIEW                     [0,   0,   0,   0,   0,   0,   0,   0,   1,   0]
VEHICLES)                     [0,   0,   0,   0,   0,   0,   0,   0,   0,   1]
EARLIER                       [1,   0,   0,   0,   0,   0,   0,   0,   0,   0]
OPENS                         [0,   0,   0,   0,   0,   1,   0,   0,   0,   0]
ISIS                          [0,   0,   0,   0,   0,   4,   0,   0,   0,   0]
GOOD                          [0,   0,   0,   1,   1,   1,   0,   0,   0,   0]
JOHN                          [0,   1,   0,   0,   0,   0,   0,   0,   0,   0]
DATE                          [0,   0,   1,   2,   1,   0,   0,   0,   0,   0]
CONFIRMED                     [0,   0,   0,   0,   0,   0,   0,   1,   0,   0]
GAIN                          [0,   0,   0,   0,   1,   0,   0,   0,   0,   0]
